
Q-learning O-track Crash type -soft

[4, 10, 0, 0]
[4, 10, 0, 0]
[4, 10, 0, 0]
[4, 9, 0, -1]
[4, 7, 0, -2]
[4, 4, 0, -3]
[3, 2, -1, -2]
[3, 2, 0, 0]
[3, 2, 0, 0]
[4, 2, 1, 0]
[6, 3, 2, 1]
[6, 3, 0, 0]
[6, 3, 0, 0]
[5, 4, -1, 1]
[3, 5, -2, 1]
[1, 6, -2, 1]
[1, 6, 0, 0]
[2, 5, 1, -1]
[4, 5, 2, 0]
[4, 5, 0, 0]
[4, 5, 0, 0]
[3, 5, -1, 0]
[3, 4, 0, -1]
[4, 3, 1, -1]
[6, 1, 2, -2]
[6, 1, 0, 0]
[5, 2, -1, 1]
[4, 4, -1, 2]
[3, 7, -1, 3]
[2, 10, 0, 0]
[2, 10, 0, 0]
[3, 10, 1, 0]
[4, 10, 1, 0]
[4, 9, 0, -1]
[4, 7, 0, -2]
[4, 5, 0, -2]
[4, 2, 0, -3]
[4, 1, 0, 0]
[5, 2, 1, 1]
[7, 2, 2, 0]
[8, 2, 0, 0]
[7, 2, -1, 0]
[6, 2, -1, 0]
[4, 3, -2, 1]
[2, 4, 0, 0]
[3, 4, 1, 0]
[4, 4, 1, 0]
[5, 3, 1, -1]
[7, 2, 2, -1]
[10, 2, 3, 0]
[13, 2, 3, 0]
[16, 2, 3, 0]
[19, 2, 3, 0]
[21, 2, 0, 0]
[21, 2, 0, 0]
[21, 2, 0, 0]
[20, 1, -1, -1]
[20, 1, 0, 0]
[20, 1, 0, 0]
[21, 2, 1, 1]
[21, 2, 0, 0]
[21, 2, 0, 0]
[20, 1, -1, -1]
[20, 1, 0, 0]
[20, 2, 0, 1]
[20, 3, 0, 1]
[20, 4, 0, 1]
[20, 5, 0, 0]
[20, 5, 0, 0]
[19, 4, -1, -1]
[19, 2, 0, -2]
[19, 1, 0, 0]
[20, 2, 1, 1]
[21, 4, 1, 2]
[21, 7, 0, 3]
[21, 11, 0, 4]
[20, 16, -1, 5]
[20, 17, 0, 0]
[21, 17, 1, 0]
[21, 16, 0, -1]
[21, 14, 0, -2]
[21, 12, 0, -2]
[21, 11, 0, -1]
[21, 10, 0, -1]
[21, 10, 0, 0]
[20, 9, -1, -1]
[20, 9, 0, 0]
[20, 8, 0, -1]
[20, 7, 0, -1]
[20, 6, 0, -1]
[20, 6, 0, 0]
[20, 7, 0, 1]
[21, 9, 1, 2]
[21, 11, 0, 2]
[22, 14, 1, 3]
[22, 16, 0, 2]
[21, 19, -1, 3]
[21, 21, 0, 2]
[21, 22, 0, 1]
[20, 23, -1, 1]
[20, 23, 0, 0]
[19, 22, -1, -1]
[17, 22, -2, 0]
[16, 22, 0, 0]
[17, 22, 1, 0]
[18, 23, 1, 1]
[20, 23, 2, 0]
[20, 23, 0, 0]
[19, 22, -1, -1]
[17, 22, -2, 0]
[16, 22, 0, 0]
[17, 22, 1, 0]
[18, 22, 1, 0]
[20, 23, 2, 1]
[20, 23, 0, 0]
[19, 22, -1, -1]
[17, 22, -2, 0]
[16, 22, 0, 0]
[16, 22, 0, 0]
[17, 22, 1, 0]
[18, 22, 1, 0]
[20, 23, 2, 1]
[20, 23, 0, 0]
[19, 22, -1, -1]
[17, 22, -2, 0]
[15, 22, -2, 0]
[14, 22, 0, 0]
[14, 22, 0, 0]
[14, 22, 0, 0]
[14, 22, 0, 0]
[13, 22, -1, 0]
[11, 23, -2, 1]
[10, 23, 0, 0]
[10, 23, 0, 0]
[9, 22, -1, -1]
[7, 22, -2, 0]
[4, 22, -3, 0]
[3, 22, 0, 0]
[3, 21, 0, -1]
[4, 19, 1, -2]
[4, 18, 0, 0]
[3, 19, -1, 1]
[2, 20, -1, 1]
[2, 20, 0, 0]
[2, 19, 0, -1]
[2, 18, 0, -1]
[3, 16, 1, -2]
[4, 15, 0, 0]
[3, 14, -1, -1]
[2, 13, -1, -1]
[1, 12, 0, 0]
finish
Moves: 149

Average of 10 trials
	average moves:  669