Q-learning R-track Soft Crash

[4, 26, 0, 0]
[4, 26, 0, 0]
[3, 25, -1, -1]
[3, 23, 0, -2]
[3, 20, 0, -3]
[3, 16, 0, -4]
[2, 11, -1, -5]
[2, 7, 0, -4]
[2, 4, 0, -3]
[2, 4, 0, 0]
[3, 3, 1, -1]
[5, 3, 2, 0]
[6, 3, 1, 0]
[7, 3, 1, 0]
[8, 2, 1, -1]
[8, 2, 0, 0]
[7, 3, -1, 1]
[6, 4, -1, 1]
[5, 4, -1, 0]
[3, 3, -2, -1]
[3, 3, 0, 0]
[4, 3, 1, 0]
[6, 3, 2, 0]
[8, 3, 2, 0]
[9, 3, 1, 0]
[11, 3, 2, 0]
[13, 3, 2, 0]
[15, 3, 2, 0]
[18, 2, 3, -1]
[21, 1, 0, 0]
[22, 2, 1, 1]
[22, 4, 0, 2]
[21, 6, 0, 0]
[22, 5, 1, -1]
[22, 3, 0, -2]
[21, 1, -1, -2]
[21, 1, 0, 0]
[22, 2, 1, 1]
[22, 4, 0, 2]
[21, 6, 0, 0]
[22, 5, 1, -1]
[22, 3, 0, -2]
[21, 1, -1, -2]
[21, 1, 0, 0]
[22, 2, 1, 1]
[23, 3, 1, 1]
[24, 4, 0, 0]
[23, 3, -1, -1]
[23, 2, 0, 0]
[22, 3, -1, 1]
[21, 3, -1, 0]
[20, 2, -1, -1]
[19, 2, -1, 0]
[19, 2, 0, 0]
[20, 3, 1, 1]
[22, 5, 2, 2]
[23, 5, 0, 0]
[22, 5, -1, 0]
[21, 6, -1, 1]
[21, 6, 0, 0]
[21, 6, 0, 0]
[22, 5, 1, -1]
[22, 3, 0, -2]
[21, 1, -1, -2]
[21, 1, 0, 0]
[22, 2, 1, 1]
[22, 4, 0, 2]
[21, 6, 0, 0]
[22, 5, 1, -1]
[23, 4, 1, -1]
[23, 2, 0, -2]
[23, 2, 0, 0]
[23, 2, 0, 0]
[22, 3, -1, 1]
[21, 3, -1, 0]
[20, 2, -1, -1]
[19, 1, -1, -1]
[17, 1, -2, 0]
[16, 1, 0, 0]
[16, 1, 0, 0]
[17, 1, 1, 0]
[18, 1, 1, 0]
[18, 1, 0, 0]
[18, 1, 0, 0]
[18, 2, 0, 1]
[18, 2, 0, 0]
[19, 3, 1, 1]
[20, 4, 1, 1]
[20, 4, 0, 0]
[21, 5, 1, 1]
[22, 5, 0, 0]
[22, 5, 0, 0]
[23, 4, 1, -1]
[24, 3, 1, -1]
[25, 3, 0, 0]
[25, 3, 0, 0]
[24, 4, -1, 1]
[23, 5, -1, 1]
[23, 5, 0, 0]
[22, 5, -1, 0]
[21, 6, -1, 1]
[21, 6, 0, 0]
[22, 5, 1, -1]
[22, 3, 0, -2]
[21, 1, -1, -2]
[21, 1, 0, 0]
[21, 1, 0, 0]
[21, 1, 0, 0]
[22, 2, 1, 1]
[23, 3, 1, 1]
[24, 4, 0, 0]
[24, 4, 0, 0]
[23, 3, -1, -1]
[23, 2, 0, 0]
[22, 3, -1, 1]
[21, 3, -1, 0]
[20, 2, -1, -1]
[19, 2, -1, 0]
[19, 2, 0, 0]
[20, 3, 1, 1]
[22, 5, 2, 2]
[23, 5, 0, 0]
[22, 5, -1, 0]
[21, 6, -1, 1]
[19, 6, -2, 0]
[16, 7, -3, 1]
[14, 8, -2, 1]
[14, 8, 0, 0]
[14, 9, 0, 1]
[13, 11, -1, 2]
[13, 11, 0, 0]
[14, 10, 1, -1]
[16, 8, 2, -2]
[18, 6, 2, -2]
[19, 5, 1, -1]
[21, 5, 2, 0]
[23, 4, 2, -1]
[24, 2, 1, -2]
[24, 2, 0, 0]
[23, 2, -1, 0]
[22, 2, -1, 0]
[22, 3, 0, 1]
[21, 3, -1, 0]
[20, 3, -1, 0]
[19, 2, -1, -1]
[18, 1, -1, -1]
[18, 1, 0, 0]
[18, 2, 0, 1]
[19, 3, 1, 1]
[20, 5, 1, 2]
[21, 6, 1, 1]
[21, 6, 0, 0]
[22, 5, 1, -1]
[22, 3, 0, -2]
[21, 1, -1, -2]
[21, 1, 0, 0]
[22, 2, 1, 1]
[22, 4, 0, 2]
[21, 6, 0, 0]
[20, 6, -1, 0]
[19, 7, -1, 1]
[17, 8, -2, 1]
[14, 8, -3, 0]
[14, 8, 0, 0]
[14, 9, 0, 1]
[13, 11, -1, 2]
[13, 12, 0, 0]
[14, 12, 1, 0]
[15, 12, 1, 0]
[17, 12, 2, 0]
[17, 12, 0, 0]
[16, 12, -1, 0]
[16, 11, 0, -1]
[15, 11, -1, 0]
[13, 12, -2, 1]
[13, 12, 0, 0]
[13, 12, 0, 0]
[14, 12, 1, 0]
[15, 12, 1, 0]
[16, 12, 0, 0]
[16, 12, 0, 0]
[15, 13, -1, 1]
[15, 13, 0, 0]
[15, 13, 0, 0]
[16, 14, 1, 1]
[17, 14, 1, 0]
[19, 14, 2, 0]
[20, 14, 0, 0]
[20, 14, 0, 0]
[21, 15, 1, 1]
[23, 17, 2, 2]
[25, 20, 2, 3]
[27, 22, 2, 2]
[27, 22, 0, 0]
[27, 22, 0, 0]
[27, 22, 0, 0]
[27, 22, 0, 0]
[27, 22, 0, 0]
[27, 22, 0, 0]
[27, 22, 0, 0]
[27, 22, 0, 0]
[27, 22, 0, 0]
[27, 22, 0, 0]
[27, 22, 0, 0]
[27, 22, 0, 0]
[27, 22, 0, 0]
[27, 22, 0, 0]
[27, 21, 0, -1]
[27, 21, 0, 0]
[27, 20, 0, -1]
[26, 19, -1, -1]
[24, 19, -2, 0]
[23, 19, 0, 0]
[23, 18, 0, -1]
[23, 17, 0, -1]
[23, 15, 0, -2]
[23, 15, 0, 0]
[24, 16, 1, 1]
[24, 18, 0, 2]
[23, 20, -1, 2]
[23, 23, 0, 3]
[23, 23, 0, 0]
[23, 23, 0, 0]
[24, 24, 1, 1]
[25, 25, 1, 1]
[26, 26, 0, 0]
finish
Moves: 224

Average of 10 trials
	average moves:  271