Q-Learning L-track Crash type Soft

[1, 6, 0, 0]
[2, 6, 1, 0]
[4, 7, 2, 1]
[7, 7, 3, 0]
[10, 8, 3, 1]
[14, 8, 4, 0]
[18, 7, 4, -1]
[21, 6, 0, 0]
[21, 7, 0, 1]
[21, 9, 0, 2]
[21, 9, 0, 0]
[21, 8, 0, -1]
[22, 6, 1, -2]
[22, 6, 0, 0]
[23, 6, 1, 0]
[25, 7, 2, 1]
[28, 9, 3, 2]
[29, 9, 0, 0]
[30, 8, 1, -1]
[32, 8, 2, 0]
[35, 7, 3, -1]
[35, 7, 0, 0]
[34, 6, -1, -1]
[32, 5, -2, -1]
[32, 5, 0, 0]
[33, 5, 1, 0]
[35, 5, 2, 0]
[35, 5, 0, 0]
[34, 4, -1, -1]
[34, 3, 0, -1]
[35, 1, 0, 0]
finish
Moves: 29


Average of 10 trials
	average moves:  159