Q-learning O-track Harsh Crash

[3, 10, 0, 0]
[3, 9, 0, -1]
[3, 8, 0, -1]
[3, 7, 0, -1]
[4, 5, 1, -2]
[6, 3, 2, -2]
[7, 2, 1, -1]
[9, 2, 2, 0]
[10, 1, 1, -1]
[1, 10, 0, 0]
[2, 10, 1, 0]
[3, 10, 1, 0]
[4, 10, 1, 0]
[4, 9, 0, -1]
[4, 7, 0, -2]
[4, 4, 0, -3]
[5, 2, 1, -2]
[7, 1, 2, -1]
[10, 1, 3, 0]
[13, 1, 3, 0]
[16, 2, 3, 1]
[18, 3, 2, 1]
[20, 5, 2, 2]
[21, 8, 1, 3]
[21, 12, 0, 4]
[20, 16, -1, 4]
[20, 19, 0, 3]
[19, 21, -1, 2]
[17, 22, -2, 1]
[16, 22, -1, 0]
[16, 22, 0, 0]
[16, 23, 0, 1]
[4, 10, 0, 0]
[3, 9, -1, -1]
[3, 7, 0, -2]
[4, 4, 1, -3]
[6, 2, 2, -2]
[9, 1, 3, -1]
[11, 1, 2, 0]
[14, 1, 3, 0]
[17, 1, 3, 0]
[19, 2, 2, 1]
[20, 4, 1, 2]
[20, 6, 0, 2]
[20, 8, 0, 2]
[20, 10, 0, 2]
[20, 11, 0, 1]
[21, 11, 1, 0]
[21, 11, 0, 0]
[22, 10, 1, -1]
[22, 8, 0, -2]
[21, 5, -1, -3]
[19, 1, -2, -4]
[2, 10, 0, 0]
[2, 9, 0, -1]
[2, 7, 0, -2]
[1, 6, -1, -1]
[3, 10, 0, 0]
[3, 9, 0, -1]
[3, 7, 0, -2]
[4, 4, 1, -3]
[5, 1, 1, -3]
[1, 10, 0, 0]
[1, 9, 0, -1]
[2, 7, 1, -2]
[3, 5, 1, -2]
[5, 3, 2, -2]
[8, 2, 3, -1]
[11, 1, 3, -1]
[14, 1, 3, 0]
[18, 2, 4, 1]
[21, 2, 3, 0]
[2, 10, 0, 0]
[3, 9, 1, -1]
[3, 8, 0, -1]
[4, 6, 1, -2]
[5, 4, 1, -2]
[6, 2, 1, -2]
[4, 10, 0, 0]
[3, 9, -1, -1]
[3, 7, 0, -2]
[4, 4, 1, -3]
[6, 2, 2, -2]
[2, 10, 0, 0]
[2, 9, 0, -1]
[2, 7, 0, -2]
[3, 5, 1, -2]
[3, 4, 0, -1]
[4, 3, 1, -1]
[4, 2, 0, -1]
[3, 2, -1, 0]
[3, 3, 0, 1]
[3, 5, 0, 2]
[4, 7, 1, 2]
[1, 10, 0, 0]
[1, 9, 0, -1]
[2, 7, 1, -2]
[3, 5, 1, -2]
[4, 3, 1, -2]
[5, 1, 1, -2]
[1, 10, 0, 0]
[1, 10, 0, 0]
[1, 9, 0, -1]
[1, 8, 0, -1]
[1, 7, 0, -1]
[2, 6, 1, -1]
[4, 4, 2, -2]
[7, 2, 3, -2]
[1, 10, 0, 0]
[1, 10, 0, 0]
[2, 10, 1, 0]
[2, 9, 0, -1]
[2, 7, 0, -2]
[3, 5, 1, -2]
[5, 3, 2, -2]
[8, 2, 3, -1]
[11, 1, 3, -1]
[14, 1, 3, 0]
[17, 1, 3, 0]
[20, 1, 3, 0]
[1, 10, 0, 0]
[1, 9, 0, -1]
[2, 7, 1, -2]
[3, 5, 1, -2]
[5, 3, 2, -2]
[7, 1, 2, -2]
[3, 10, 0, 0]
[3, 9, 0, -1]
[3, 7, 0, -2]
[4, 4, 1, -3]
[6, 2, 2, -2]
[9, 1, 3, -1]
[11, 1, 2, 0]
[14, 1, 3, 0]
[17, 2, 3, 1]
[19, 4, 2, 2]
[21, 6, 2, 2]
[22, 9, 1, 3]
[22, 13, 0, 4]
[22, 16, 0, 3]
[22, 19, 0, 3]
[21, 21, -1, 2]
[19, 22, -2, 1]
[16, 22, -3, 0]
[14, 22, -2, 0]
[13, 22, -1, 0]
[13, 23, 0, 1]
[14, 23, 1, 0]
[16, 23, 2, 0]
[19, 23, 3, 0]
[1, 10, 0, 0]
[1, 9, 0, -1]
[1, 8, 0, -1]
[2, 6, 1, -2]
[4, 4, 2, -2]
[7, 2, 3, -2]
[10, 1, 3, -1]
[13, 1, 3, 0]
[16, 2, 3, 1]
[18, 3, 2, 1]
[20, 4, 2, 1]
[21, 6, 1, 2]
[22, 9, 1, 3]
[22, 13, 0, 4]
[22, 16, 0, 3]
[22, 19, 0, 3]
[21, 21, -1, 2]
[20, 23, -1, 2]
[3, 10, 0, 0]
[3, 9, 0, -1]
[3, 7, 0, -2]
[4, 4, 1, -3]
[6, 2, 2, -2]
[9, 1, 3, -1]
[11, 1, 2, 0]
[14, 1, 3, 0]
[17, 1, 3, 0]
[20, 1, 3, 0]
[1, 10, 0, 0]
[1, 9, 0, -1]
[1, 8, 0, -1]
[2, 6, 1, -2]
[4, 4, 2, -2]
[7, 2, 3, -2]
[10, 1, 3, -1]
[13, 1, 3, 0]
[16, 2, 3, 1]
[19, 3, 3, 1]
[21, 4, 2, 1]
[22, 6, 1, 2]
[22, 9, 0, 3]
[22, 13, 0, 4]
[21, 17, -1, 4]
[19, 20, -2, 3]
[18, 22, -1, 2]
[17, 23, -1, 1]
[17, 23, 0, 0]
[18, 23, 1, 0]
[19, 23, 1, 0]
[21, 22, 2, -1]
[22, 20, 1, -2]
[23, 17, 1, -3]
[2, 10, 0, 0]
[3, 9, 1, -1]
[4, 8, 1, -1]
[4, 6, 0, -2]
[5, 4, 1, -2]
[7, 2, 2, -2]
[10, 1, 3, -1]
[13, 1, 3, 0]
[16, 2, 3, 1]
[19, 3, 3, 1]
[21, 4, 2, 1]
[23, 5, 2, 1]
[2, 10, 0, 0]
[2, 9, 0, -1]
[2, 7, 0, -2]
[3, 5, 1, -2]
[4, 3, 1, -2]
[6, 2, 2, -1]
[9, 2, 3, 0]
[13, 2, 4, 0]
[16, 2, 3, 0]
[18, 2, 2, 0]
[20, 3, 2, 1]
[22, 4, 2, 1]
[23, 6, 1, 2]
[4, 10, 0, 0]
[4, 10, 0, 0]
[3, 9, -1, -1]
[3, 7, 0, -2]
[4, 4, 1, -3]
[6, 2, 2, -2]
[1, 10, 0, 0]
[1, 9, 0, -1]
[2, 7, 1, -2]
[3, 5, 1, -2]
[4, 3, 1, -2]
[5, 1, 1, -2]
[2, 10, 0, 0]
[2, 9, 0, -1]
[2, 8, 0, -1]
[3, 6, 1, -2]
[4, 4, 1, -2]
[6, 2, 2, -2]
[4, 10, 0, 0]
[3, 9, -1, -1]
[3, 7, 0, -2]
[4, 4, 1, -3]
[6, 2, 2, -2]
[3, 10, 0, 0]
[4, 9, 1, -1]
[2, 10, 0, 0]
[2, 9, 0, -1]
[2, 8, 0, -1]
[2, 7, 0, -1]
[3, 5, 1, -2]
[5, 3, 2, -2]
[8, 2, 3, -1]
[11, 1, 3, -1]
[14, 1, 3, 0]
[17, 2, 3, 1]
[19, 4, 2, 2]
[22, 7, 3, 3]
[3, 10, 0, 0]
[3, 9, 0, -1]
[3, 7, 0, -2]
[4, 4, 1, -3]
[6, 2, 2, -2]
[1, 10, 0, 0]
[1, 10, 0, 0]
[1, 9, 0, -1]
[2, 8, 1, -1]
[3, 6, 1, -2]
[3, 4, 0, -2]
[4, 3, 1, -1]
[5, 2, 1, -1]
[7, 2, 2, 0]
[10, 1, 3, -1]
[2, 10, 0, 0]
[2, 9, 0, -1]
[2, 7, 0, -2]
[3, 5, 1, -2]
[5, 3, 2, -2]
[6, 2, 1, -1]
[6, 2, 0, 0]
[5, 2, -1, 0]
[3, 10, 0, 0]
[3, 9, 0, -1]
[3, 8, 0, -1]
[4, 6, 1, -2]
[5, 4, 1, -2]
[7, 2, 2, -2]
[9, 1, 2, -1]
[12, 1, 3, 0]
[14, 1, 2, 0]
[17, 2, 3, 1]
[20, 3, 3, 1]
[22, 4, 2, 1]
[23, 6, 1, 2]
[23, 9, 0, 3]
[23, 13, 0, 4]
[23, 17, 0, 4]
[22, 20, -1, 3]
[20, 22, -2, 2]
[17, 23, -3, 1]
[14, 23, -3, 0]
[11, 22, -3, -1]
[8, 22, -3, 0]
[5, 22, -3, 0]
[3, 21, -2, -1]
[4, 10, 0, 0]
[4, 10, 0, 0]
[3, 9, -1, -1]
[3, 7, 0, -2]
[4, 4, 1, -3]
[6, 2, 2, -2]
[9, 1, 3, -1]
[11, 1, 2, 0]
[14, 1, 3, 0]
[17, 2, 3, 1]
[19, 4, 2, 2]
[21, 6, 2, 2]
[23, 8, 2, 2]
[3, 10, 0, 0]
[3, 9, 0, -1]
[3, 7, 0, -2]
[4, 4, 1, -3]
[5, 1, 1, -3]
[1, 10, 0, 0]
[1, 9, 0, -1]
[2, 7, 1, -2]
[3, 5, 1, -2]
[5, 3, 2, -2]
[8, 2, 3, -1]
[11, 1, 3, -1]
[14, 1, 3, 0]
[17, 2, 3, 1]
[19, 3, 2, 1]
[20, 5, 1, 2]
[20, 8, 0, 3]
[20, 12, 0, 4]
[21, 17, 1, 5]
[2, 10, 0, 0]
[2, 10, 0, 0]
[2, 9, 0, -1]
[2, 7, 0, -2]
[2, 5, 0, -2]
[1, 10, 0, 0]
[2, 10, 0, 0]
[2, 9, 0, -1]
[2, 7, 0, -2]
[3, 5, 1, -2]
[5, 3, 2, -2]
[8, 2, 3, -1]
[11, 1, 3, -1]
[14, 1, 3, 0]
[17, 2, 3, 1]
[19, 4, 2, 2]
[21, 6, 2, 2]
[23, 8, 2, 2]
[3, 10, 0, 0]
[3, 9, 0, -1]
[3, 7, 0, -2]
[4, 4, 1, -3]
[5, 1, 1, -3]
[3, 10, 0, 0]
[3, 9, 0, -1]
[3, 7, 0, -2]
[4, 4, 1, -3]
[6, 2, 2, -2]
[9, 1, 3, -1]
[4, 10, 0, 0]
[3, 9, -1, -1]
[2, 8, -1, -1]
[1, 7, -1, -1]
[1, 7, 0, 0]
[2, 8, 1, 1]
[4, 10, 2, 2]
[4, 10, 0, 0]
[3, 9, -1, -1]
[3, 7, 0, -2]
[3, 5, 0, -2]
[4, 3, 1, -2]
[5, 1, 1, -2]
[4, 10, 0, 0]
[3, 9, -1, -1]
[3, 7, 0, -2]
[4, 4, 1, -3]
[6, 2, 2, -2]
[9, 1, 3, -1]
[11, 1, 2, 0]
[13, 1, 2, 0]
[16, 2, 3, 1]
[19, 3, 3, 1]
[21, 4, 2, 1]
[22, 6, 1, 2]
[22, 9, 0, 3]
[22, 13, 0, 4]
[22, 17, 0, 4]
[21, 20, -1, 3]
[19, 22, -2, 2]
[4, 10, 0, 0]
[4, 10, 0, 0]
[3, 9, -1, -1]
[2, 7, -1, -2]
[1, 5, -1, -2]
[2, 10, 0, 0]
[2, 9, 0, -1]
[2, 7, 0, -2]
[3, 5, 1, -2]
[5, 3, 2, -2]
[8, 2, 3, -1]
[11, 1, 3, -1]
[14, 1, 3, 0]
[17, 1, 3, 0]
[19, 2, 2, 1]
[20, 4, 1, 2]
[21, 6, 1, 2]
[22, 9, 1, 3]
[1, 10, 0, 0]
[1, 9, 0, -1]
[1, 8, 0, -1]
[1, 7, 0, -1]
[2, 6, 1, -1]
[4, 5, 2, -1]
[3, 10, 0, 0]
[3, 9, 0, -1]
[2, 9, -1, 0]
[2, 8, 0, -1]
[3, 6, 1, -2]
[5, 4, 2, -2]
[7, 2, 2, -2]
[3, 10, 0, 0]
[3, 9, 0, -1]
[3, 7, 0, -2]
[4, 4, 1, -3]
[6, 2, 2, -2]
[9, 1, 3, -1]
[11, 1, 2, 0]
[14, 1, 3, 0]
[17, 2, 3, 1]
[20, 3, 3, 1]
[22, 4, 2, 1]
[23, 6, 1, 2]
[23, 9, 0, 3]
[23, 11, 0, 2]
[23, 12, 0, 1]
[23, 12, 0, 0]
[2, 10, 0, 0]
[2, 10, 0, 0]
[1, 9, -1, -1]
[1, 7, 0, -2]
[1, 5, 0, -2]
[2, 4, 1, -1]
[4, 3, 2, -1]
[7, 2, 3, -1]
[10, 2, 3, 0]
[13, 2, 3, 0]
[16, 2, 3, 0]
[18, 2, 2, 0]
[20, 2, 2, 0]
[21, 3, 1, 1]
[22, 5, 1, 2]
[22, 8, 0, 3]
[21, 11, -1, 3]
[20, 13, -1, 2]
[4, 10, 0, 0]
[3, 9, -1, -1]
[2, 8, -1, -1]
[2, 7, 0, -1]
[2, 6, 0, -1]
[2, 5, 0, -1]
[2, 4, 0, -1]
[3, 3, 1, -1]
[5, 2, 2, -1]
[8, 2, 3, 0]
[12, 2, 4, 0]
[15, 2, 3, 0]
[17, 2, 2, 0]
[19, 3, 2, 1]
[20, 5, 1, 2]
[20, 8, 0, 3]
[20, 12, 0, 4]
[21, 17, 1, 5]
[2, 10, 0, 0]
[2, 9, 0, -1]
[2, 7, 0, -2]
[3, 5, 1, -2]
[5, 3, 2, -2]
[8, 2, 3, -1]
[11, 1, 3, -1]
[14, 1, 3, 0]
[17, 2, 3, 1]
[20, 3, 3, 1]
[22, 4, 2, 1]
[23, 6, 1, 2]
[23, 9, 0, 3]
[23, 12, 0, 3]
[23, 15, 0, 3]
[22, 18, -1, 3]
[21, 20, -1, 2]
[19, 21, -2, 1]
[16, 22, -3, 1]
[14, 22, -2, 0]
[13, 22, -1, 0]
[13, 23, 0, 1]
[3, 10, 0, 0]
[3, 9, 0, -1]
[3, 7, 0, -2]
[4, 4, 1, -3]
[6, 2, 2, -2]
[9, 1, 3, -1]
[11, 1, 2, 0]
[3, 10, 0, 0]
[3, 9, 0, -1]
[3, 8, 0, -1]
[4, 6, 1, -2]
[5, 4, 1, -2]
[7, 2, 2, -2]
[9, 1, 2, -1]
[1, 10, 0, 0]
[1, 9, 0, -1]
[1, 8, 0, -1]
[2, 6, 1, -2]
[4, 4, 2, -2]
[7, 2, 3, -2]
[10, 1, 3, -1]
[13, 1, 3, 0]
[16, 2, 3, 1]
[18, 3, 2, 1]
[20, 5, 2, 2]
[21, 8, 1, 3]
[21, 12, 0, 4]
[20, 16, -1, 4]
[20, 19, 0, 3]
[19, 21, -1, 2]
[17, 22, -2, 1]
[15, 23, -2, 1]
[2, 10, 0, 0]
[2, 9, 0, -1]
[2, 7, 0, -2]
[1, 10, 0, 0]
[1, 9, 0, -1]
[2, 7, 1, -2]
[3, 5, 1, -2]
[5, 4, 2, -1]
[7, 2, 2, -2]
[9, 1, 2, -1]
[12, 1, 3, 0]
[14, 1, 2, 0]
[17, 2, 3, 1]
[19, 4, 2, 2]
[21, 6, 2, 2]
[22, 9, 1, 3]
[23, 12, 1, 3]
[23, 14, 0, 2]
[22, 17, -1, 3]
[21, 20, -1, 3]
[19, 22, -2, 2]
[16, 23, -3, 1]
[1, 10, 0, 0]
[1, 10, 0, 0]
[1, 9, 0, -1]
[4, 10, 0, 0]
[3, 9, -1, -1]
[3, 7, 0, -2]
[4, 4, 1, -3]
[5, 1, 1, -3]
[2, 10, 0, 0]
[2, 9, 0, -1]
[2, 7, 0, -2]
[3, 4, 1, -3]
[4, 2, 1, -2]
[6, 1, 2, -1]
[9, 1, 3, 0]
[13, 1, 4, 0]
[16, 2, 3, 1]
[18, 3, 2, 1]
[20, 5, 2, 2]
[22, 8, 2, 3]
[23, 11, 1, 3]
[23, 14, 0, 3]
[22, 16, -1, 2]
[21, 19, -1, 3]
[19, 21, -2, 2]
[16, 22, -3, 1]
[14, 22, -2, 0]
[13, 22, -1, 0]
[12, 22, -1, 0]
[12, 22, 0, 0]
[12, 22, 0, 0]
[13, 23, 1, 1]
[15, 23, 2, 0]
[18, 23, 3, 0]
[1, 10, 0, 0]
[1, 9, 0, -1]
[1, 8, 0, -1]
[2, 6, 1, -2]
[4, 4, 2, -2]
[7, 2, 3, -2]
[10, 1, 3, -1]
[13, 1, 3, 0]
[16, 2, 3, 1]
[19, 3, 3, 1]
[21, 4, 2, 1]
[4, 10, 0, 0]
[3, 9, -1, -1]
[3, 7, 0, -2]
[4, 4, 1, -3]
[6, 2, 2, -2]
[9, 1, 3, -1]
[11, 1, 2, 0]
[13, 1, 2, 0]
[15, 1, 2, 0]
[17, 2, 2, 1]
[19, 4, 2, 2]
[21, 6, 2, 2]
[23, 8, 2, 2]
[4, 10, 0, 0]
[3, 9, -1, -1]
[3, 7, 0, -2]
[4, 4, 1, -3]
[6, 2, 2, -2]
[4, 10, 0, 0]
[4, 10, 0, 0]
[4, 10, 0, 0]
[3, 9, -1, -1]
[3, 7, 0, -2]
[4, 4, 1, -3]
[5, 1, 1, -3]
[2, 10, 0, 0]
[2, 10, 0, 0]
[1, 10, 0, 0]
[1, 9, 0, -1]
[2, 7, 1, -2]
[3, 5, 1, -2]
[5, 3, 2, -2]
[8, 2, 3, -1]
[11, 1, 3, -1]
[14, 1, 3, 0]
[17, 2, 3, 1]
[20, 3, 3, 1]
[3, 10, 0, 0]
[3, 9, 0, -1]
[3, 7, 0, -2]
[4, 4, 1, -3]
[6, 2, 2, -2]
[9, 1, 3, -1]
[11, 1, 2, 0]
[12, 1, 1, 0]
[12, 1, 0, 0]
[2, 10, 0, 0]
[2, 9, 0, -1]
[2, 7, 0, -2]
[3, 5, 1, -2]
[4, 3, 1, -2]
[6, 2, 2, -1]
[9, 2, 3, 0]
[13, 2, 4, 0]
[16, 2, 3, 0]
[18, 2, 2, 0]
[20, 2, 2, 0]
[2, 10, 0, 0]
[2, 9, 0, -1]
[2, 7, 0, -2]
[2, 6, 0, -1]
[3, 4, 1, -2]
[4, 2, 1, -2]
[4, 10, 0, 0]
[3, 9, -1, -1]
[3, 7, 0, -2]
[4, 4, 1, -3]
[6, 2, 2, -2]
[1, 10, 0, 0]
[1, 9, 0, -1]
[2, 7, 1, -2]
[3, 5, 1, -2]
[5, 3, 2, -2]
[8, 2, 3, -1]
[11, 1, 3, -1]
[14, 1, 3, 0]
[17, 2, 3, 1]
[19, 4, 2, 2]
[21, 6, 2, 2]
[22, 9, 1, 3]
[22, 13, 0, 4]
[22, 16, 0, 3]
[21, 19, -1, 3]
[19, 21, -2, 2]
[17, 23, -2, 2]
[4, 10, 0, 0]
[3, 9, -1, -1]
[1, 8, -2, -1]
[2, 10, 0, 0]
[2, 9, 0, -1]
[1, 9, -1, 0]
[4, 10, 0, 0]
[3, 9, -1, -1]
[1, 8, -2, -1]
[1, 10, 0, 0]
[1, 10, 0, 0]
[1, 10, 0, 0]
[2, 9, 1, -1]
[2, 8, 0, -1]
[2, 7, 0, -1]
[3, 5, 1, -2]
[5, 3, 2, -2]
[8, 2, 3, -1]
[11, 1, 3, -1]
[14, 1, 3, 0]
[17, 2, 3, 1]
[20, 3, 3, 1]
[3, 10, 0, 0]
[3, 9, 0, -1]
[3, 8, 0, -1]
[4, 6, 1, -2]
[4, 3, 0, -3]
[4, 10, 0, 0]
[3, 9, -1, -1]
[3, 7, 0, -2]
[4, 4, 1, -3]
[5, 1, 1, -3]
[2, 10, 0, 0]
[2, 9, 0, -1]
[2, 7, 0, -2]
[2, 5, 0, -2]
[3, 4, 1, -1]
[5, 3, 2, -1]
[8, 2, 3, -1]
[10, 2, 2, 0]
[1, 10, 0, 0]
[1, 9, 0, -1]
[2, 7, 1, -2]
[3, 5, 1, -2]
[5, 3, 2, -2]
[8, 2, 3, -1]
[11, 1, 3, -1]
[3, 10, 0, 0]
[3, 9, 0, -1]
[3, 7, 0, -2]
[4, 4, 1, -3]
[6, 2, 2, -2]
[2, 10, 0, 0]
[2, 9, 0, -1]
[2, 7, 0, -2]
[2, 6, 0, -1]
[3, 4, 1, -2]
[3, 2, 0, -2]
[4, 1, 1, -1]
[6, 1, 2, 0]
[9, 1, 3, 0]
[13, 1, 4, 0]
[16, 2, 3, 1]
[18, 3, 2, 1]
[20, 4, 2, 1]
[21, 6, 1, 2]
[22, 8, 1, 2]
[22, 11, 0, 3]
[23, 14, 1, 3]
[2, 10, 0, 0]
[2, 9, 0, -1]
[2, 7, 0, -2]
[2, 5, 0, -2]
[3, 4, 1, -1]
[4, 3, 1, -1]
[6, 2, 2, -1]
[9, 2, 3, 0]
[12, 2, 3, 0]
[15, 2, 3, 0]
[17, 2, 2, 0]
[19, 3, 2, 1]
[20, 5, 1, 2]
[20, 8, 0, 3]
[20, 11, 0, 3]
[20, 13, 0, 2]
[20, 15, 0, 2]
[20, 16, 0, 1]
[21, 16, 1, 0]
[23, 15, 2, -1]
[4, 10, 0, 0]
[3, 9, -1, -1]
[3, 7, 0, -2]
[4, 4, 1, -3]
[6, 2, 2, -2]
[7, 1, 1, -1]
[7, 1, 0, 0]
[7, 2, 0, 1]
[1, 10, 0, 0]
[1, 10, 0, 0]
[1, 9, 0, -1]
[2, 7, 1, -2]
[3, 4, 1, -3]
[4, 2, 1, -2]
[6, 1, 2, -1]
[9, 1, 3, 0]
[13, 1, 4, 0]
[16, 2, 3, 1]
[19, 3, 3, 1]
[22, 5, 3, 2]
[1, 10, 0, 0]
[1, 9, 0, -1]
[2, 7, 1, -2]
[3, 5, 1, -2]
[5, 3, 2, -2]
[8, 2, 3, -1]
[11, 1, 3, -1]
[14, 1, 3, 0]
[17, 2, 3, 1]
[19, 4, 2, 2]
[21, 6, 2, 2]
[2, 10, 0, 0]
[2, 9, 0, -1]
[2, 7, 0, -2]
[3, 5, 1, -2]
[5, 3, 2, -2]
[8, 2, 3, -1]
[11, 1, 3, -1]
[14, 1, 3, 0]
[17, 1, 3, 0]
[20, 1, 3, 0]
[1, 10, 0, 0]
[1, 9, 0, -1]
[2, 7, 1, -2]
[3, 5, 1, -2]
[5, 3, 2, -2]
[8, 2, 3, -1]
[11, 1, 3, -1]
[14, 1, 3, 0]
[17, 2, 3, 1]
[19, 4, 2, 2]
[21, 6, 2, 2]
[22, 9, 1, 3]
[22, 13, 0, 4]
[22, 16, 0, 3]
[21, 19, -1, 3]
[19, 21, -2, 2]
[16, 22, -3, 1]
[14, 22, -2, 0]
[13, 22, -1, 0]
[13, 22, 0, 0]
[14, 22, 1, 0]
[16, 23, 2, 1]
[3, 10, 0, 0]
[3, 9, 0, -1]
[3, 8, 0, -1]
[4, 6, 1, -2]
[5, 4, 1, -2]
[6, 2, 1, -2]
[8, 1, 2, -1]
[10, 1, 2, 0]
[13, 1, 3, 0]
[16, 1, 3, 0]
[18, 2, 2, 1]
[20, 4, 2, 2]
[21, 7, 1, 3]
[21, 11, 0, 4]
[22, 14, 1, 3]
[22, 16, 0, 2]
[21, 19, -1, 3]
[19, 21, -2, 2]
[16, 22, -3, 1]
[14, 22, -2, 0]
[13, 22, -1, 0]
[12, 22, -1, 0]
[12, 22, 0, 0]
[13, 23, 1, 1]
[2, 10, 0, 0]
[2, 9, 0, -1]
[2, 7, 0, -2]
[3, 5, 1, -2]
[5, 3, 2, -2]
[7, 1, 2, -2]
[3, 10, 0, 0]
[3, 9, 0, -1]
[3, 7, 0, -2]
[4, 4, 1, -3]
[6, 2, 2, -2]
[1, 10, 0, 0]
[1, 10, 0, 0]
[1, 9, 0, -1]
[1, 7, 0, -2]
[2, 5, 1, -2]
[3, 3, 1, -2]
[5, 2, 2, -1]
[8, 2, 3, 0]
[12, 2, 4, 0]
[15, 2, 3, 0]
[17, 2, 2, 0]
[19, 3, 2, 1]
[20, 5, 1, 2]
[20, 8, 0, 3]
[20, 12, 0, 4]
[20, 16, 0, 4]
[21, 19, 1, 3]
[1, 10, 0, 0]
[4, 10, 0, 0]
[3, 9, -1, -1]
[3, 7, 0, -2]
[4, 4, 1, -3]
[6, 2, 2, -2]
[2, 10, 0, 0]
[2, 9, 0, -1]
[2, 7, 0, -2]
[3, 5, 1, -2]
[5, 3, 2, -2]
[7, 1, 2, -2]
[4, 10, 0, 0]
[4, 10, 0, 0]
[3, 9, -1, -1]
[3, 7, 0, -2]
[3, 5, 0, -2]
[4, 3, 1, -2]
[6, 2, 2, -1]
[1, 10, 0, 0]
[2, 10, 0, 0]
[2, 10, 0, 0]
[2, 10, 0, 0]
[2, 10, 0, 0]
[2, 9, 0, -1]
[2, 7, 0, -2]
[3, 5, 1, -2]
[4, 3, 1, -2]
[6, 2, 2, -1]
[8, 1, 2, -1]
[10, 1, 2, 0]
[13, 1, 3, 0]
[16, 2, 3, 1]
[18, 3, 2, 1]
[20, 5, 2, 2]
[21, 8, 1, 3]
[21, 12, 0, 4]
[20, 16, -1, 4]
[20, 19, 0, 3]
[19, 21, -1, 2]
[17, 22, -2, 1]
[16, 22, -1, 0]
[16, 22, 0, 0]
[16, 23, 0, 1]
[3, 10, 0, 0]
[3, 9, 0, -1]
[3, 7, 0, -2]
[4, 4, 1, -3]
[6, 2, 2, -2]
[9, 1, 3, -1]
[11, 1, 2, 0]
[14, 1, 3, 0]
[17, 2, 3, 1]
[20, 3, 3, 1]
[22, 4, 2, 1]
[23, 6, 1, 2]
[23, 9, 0, 3]
[23, 13, 0, 4]
[22, 16, -1, 3]
[21, 20, -1, 4]
[19, 23, -2, 3]
[2, 10, 0, 0]
[2, 9, 0, -1]
[2, 7, 0, -2]
[3, 5, 1, -2]
[5, 3, 2, -2]
[3, 10, 0, 0]
[3, 10, 0, 0]
[3, 9, 0, -1]
[4, 9, 1, 0]
[4, 8, 0, -1]
[4, 7, 0, -1]
[4, 5, 0, -2]
[5, 4, 1, -1]
[6, 3, 1, -1]
[7, 2, 1, -1]
[8, 1, 1, -1]
[10, 1, 2, 0]
[13, 1, 3, 0]
[16, 2, 3, 1]
[18, 3, 2, 1]
[20, 5, 2, 2]
[21, 8, 1, 3]
[21, 12, 0, 4]
[20, 16, -1, 4]
[20, 20, 0, 4]
[1, 10, 0, 0]
[1, 9, 0, -1]
[2, 7, 1, -2]
[3, 5, 1, -2]
[5, 3, 2, -2]
[8, 2, 3, -1]
[11, 1, 3, -1]
[4, 10, 0, 0]
[3, 9, -1, -1]
[3, 7, 0, -2]
[3, 5, 0, -2]
[4, 3, 1, -2]
[6, 2, 2, -1]
[9, 2, 3, 0]
[13, 2, 4, 0]
[16, 2, 3, 0]
[18, 2, 2, 0]
[20, 3, 2, 1]
[22, 4, 2, 1]
[1, 10, 0, 0]
[1, 10, 0, 0]
[4, 10, 0, 0]
[3, 9, -1, -1]
[3, 7, 0, -2]
[3, 5, 0, -2]
[3, 3, 0, -2]
[3, 10, 0, 0]
[3, 9, 0, -1]
[3, 7, 0, -2]
[4, 4, 1, -3]
[6, 2, 2, -2]
[9, 1, 3, -1]
[11, 1, 2, 0]
[13, 1, 2, 0]
[16, 2, 3, 1]
[18, 3, 2, 1]
[20, 5, 2, 2]
[22, 6, 2, 1]
[23, 8, 1, 2]
[23, 9, 0, 1]
[22, 9, -1, 0]
[20, 8, -2, -1]
[1, 10, 0, 0]
[1, 9, 0, -1]
[1, 8, 0, -1]
[2, 6, 1, -2]
[4, 4, 2, -2]
[6, 2, 2, -2]
[1, 10, 0, 0]
[1, 9, 0, -1]
[1, 8, 0, -1]
[2, 6, 1, -2]
[4, 4, 2, -2]
[7, 2, 3, -2]
[3, 10, 0, 0]
[3, 9, 0, -1]
[3, 7, 0, -2]
[3, 5, 0, -2]
[3, 3, 0, -2]
[3, 10, 0, 0]
[3, 10, 0, 0]
[3, 9, 0, -1]
[3, 7, 0, -2]
[4, 4, 1, -3]
[6, 2, 2, -2]
[9, 1, 3, -1]
[3, 10, 0, 0]
[3, 9, 0, -1]
[3, 7, 0, -2]
[2, 5, -1, -2]
[2, 4, 0, -1]
[3, 3, 1, -1]
[5, 2, 2, -1]
[7, 1, 2, -1]
[10, 1, 3, 0]
[13, 1, 3, 0]
[16, 2, 3, 1]
[19, 3, 3, 1]
[21, 4, 2, 1]
[23, 5, 2, 1]
[2, 10, 0, 0]
[2, 10, 0, 0]
[2, 9, 0, -1]
[2, 7, 0, -2]
[3, 5, 1, -2]
[4, 4, 1, -1]
[6, 2, 2, -2]
[3, 10, 0, 0]
[3, 9, 0, -1]
[3, 7, 0, -2]
[4, 4, 1, -3]
[5, 1, 1, -3]
[3, 10, 0, 0]
[3, 9, 0, -1]
[3, 7, 0, -2]
[3, 5, 0, -2]
[4, 3, 1, -2]
[6, 2, 2, -1]
[9, 2, 3, 0]
[13, 2, 4, 0]
[16, 2, 3, 0]
[18, 2, 2, 0]
[20, 3, 2, 1]
[22, 4, 2, 1]
[23, 6, 1, 2]
[4, 10, 0, 0]
[3, 9, -1, -1]
[2, 8, -1, -1]
[1, 7, -1, -1]
[1, 7, 0, 0]
[2, 8, 1, 1]
[3, 9, 1, 1]
[3, 10, 0, 0]
[3, 9, 0, -1]
[3, 8, 0, -1]
[3, 7, 0, -1]
[4, 5, 1, -2]
[6, 3, 2, -2]
[7, 2, 1, -1]
[8, 1, 1, -1]
[10, 1, 2, 0]
[12, 1, 2, 0]
[13, 1, 1, 0]
[14, 1, 1, 0]
[15, 1, 1, 0]
[15, 2, 0, 1]
[14, 2, -1, 0]
[12, 1, -2, -1]
[3, 10, 0, 0]
[3, 9, 0, -1]
[3, 7, 0, -2]
[4, 4, 1, -3]
[6, 2, 2, -2]
[3, 10, 0, 0]
[3, 9, 0, -1]
[3, 8, 0, -1]
[3, 7, 0, -1]
[4, 5, 1, -2]
[6, 3, 2, -2]
[8, 1, 2, -2]
[2, 10, 0, 0]
[2, 10, 0, 0]
[2, 9, 0, -1]
[2, 7, 0, -2]
[2, 5, 0, -2]
[3, 4, 1, -1]
[4, 3, 1, -1]
[5, 2, 1, -1]
[7, 2, 2, 0]
[9, 1, 2, -1]
[4, 10, 0, 0]
[3, 9, -1, -1]
[3, 7, 0, -2]
[4, 4, 1, -3]
[5, 1, 1, -3]
[3, 10, 0, 0]
[3, 9, 0, -1]
[3, 8, 0, -1]
[3, 7, 0, -1]
[4, 5, 1, -2]
[6, 3, 2, -2]
[7, 2, 1, -1]
[8, 1, 1, -1]
[10, 1, 2, 0]
[13, 1, 3, 0]
[16, 2, 3, 1]
[18, 3, 2, 1]
[20, 4, 2, 1]
[21, 6, 1, 2]
[22, 9, 1, 3]
[22, 13, 0, 4]
[22, 16, 0, 3]
[21, 19, -1, 3]
[19, 21, -2, 2]
[4, 10, 0, 0]
[3, 9, -1, -1]
[3, 7, 0, -2]
[4, 4, 1, -3]
[6, 2, 2, -2]
[9, 1, 3, -1]
[11, 1, 2, 0]
[14, 1, 3, 0]
[17, 1, 3, 0]
[19, 2, 2, 1]
[20, 4, 1, 2]
[20, 6, 0, 2]
[20, 9, 0, 3]
[21, 13, 1, 4]
[22, 18, 1, 5]
[2, 10, 0, 0]
[3, 10, 1, 0]
[4, 10, 1, 0]
[4, 9, 0, -1]
[4, 7, 0, -2]
[4, 4, 0, -3]
[4, 1, 0, -3]
[4, 10, 0, 0]
[4, 10, 0, 0]
[3, 9, -1, -1]
[3, 7, 0, -2]
[4, 4, 1, -3]
[6, 2, 2, -2]
[9, 1, 3, -1]
[4, 10, 0, 0]
[3, 9, -1, -1]
[2, 9, -1, 0]
[1, 9, -1, 0]
[2, 10, 0, 0]
[2, 9, 0, -1]
[2, 7, 0, -2]
[3, 5, 1, -2]
[5, 3, 2, -2]
[8, 2, 3, -1]
[11, 1, 3, -1]
[14, 1, 3, 0]
[17, 1, 3, 0]
[20, 1, 3, 0]
[3, 10, 0, 0]
[3, 10, 0, 0]
[3, 10, 0, 0]
[3, 9, 0, -1]
[3, 8, 0, -1]
[4, 6, 1, -2]
[5, 4, 1, -2]
[7, 2, 2, -2]
[8, 1, 1, -1]
[10, 1, 2, 0]
[11, 1, 1, 0]
[11, 2, 0, 1]
[10, 2, -1, 0]
[9, 2, -1, 0]
[7, 1, -2, -1]
[2, 10, 0, 0]
[4, 10, 0, 0]
[3, 9, -1, -1]
[3, 7, 0, -2]
[4, 4, 1, -3]
[6, 2, 2, -2]
[9, 1, 3, -1]
[11, 1, 2, 0]
[13, 1, 2, 0]
[1, 10, 0, 0]
[1, 9, 0, -1]
[2, 7, 1, -2]
[3, 5, 1, -2]
[5, 3, 2, -2]
[8, 2, 3, -1]
[11, 1, 3, -1]
[14, 1, 3, 0]
[17, 1, 3, 0]
[19, 2, 2, 1]
[20, 4, 1, 2]
[20, 6, 0, 2]
[20, 8, 0, 2]
[20, 9, 0, 1]
[20, 10, 0, 1]
[21, 10, 1, 0]
[21, 9, 0, -1]
[20, 8, -1, -1]
[4, 10, 0, 0]
[3, 9, -1, -1]
[3, 7, 0, -2]
[4, 4, 1, -3]
[6, 2, 2, -2]
[9, 1, 3, -1]
[4, 10, 0, 0]
[3, 9, -1, -1]
[3, 7, 0, -2]
[4, 4, 1, -3]
[5, 1, 1, -3]
[2, 10, 0, 0]
[2, 9, 0, -1]
[2, 7, 0, -2]
[2, 5, 0, -2]
[3, 4, 1, -1]
[5, 3, 2, -1]
[8, 2, 3, -1]
[11, 1, 3, -1]
[2, 10, 0, 0]
[2, 9, 0, -1]
[2, 7, 0, -2]
[1, 5, -1, -2]
[2, 10, 0, 0]
[2, 9, 0, -1]
[2, 7, 0, -2]
[3, 5, 1, -2]
[5, 3, 2, -2]
[8, 2, 3, -1]
[11, 1, 3, -1]
[3, 10, 0, 0]
[3, 9, 0, -1]
[3, 7, 0, -2]
[4, 4, 1, -3]
[6, 2, 2, -2]
[2, 10, 0, 0]
[2, 9, 0, -1]
[1, 7, -1, -2]
[1, 6, 0, -1]
[2, 5, 1, -1]
[3, 4, 1, -1]
[4, 3, 1, -1]
[5, 2, 1, -1]
[6, 1, 1, -1]
[2, 10, 0, 0]
[2, 9, 0, -1]
[2, 7, 0, -2]
[3, 5, 1, -2]
[4, 3, 1, -2]
[6, 2, 2, -1]
[9, 2, 3, 0]
[13, 2, 4, 0]
[16, 2, 3, 0]
[18, 2, 2, 0]
[20, 2, 2, 0]
[21, 3, 1, 1]
[22, 4, 1, 1]
[22, 4, 0, 0]
[21, 3, -1, -1]
[19, 2, -2, -1]
[16, 1, -3, -1]
[12, 1, -4, 0]
[7, 2, -5, 1]
[2, 4, -5, 2]
[3, 10, 0, 0]
[3, 9, 0, -1]
[3, 7, 0, -2]
[4, 4, 1, -3]
[6, 2, 2, -2]
[9, 1, 3, -1]
[4, 10, 0, 0]
[3, 9, -1, -1]
[3, 7, 0, -2]
[4, 4, 1, -3]
[6, 2, 2, -2]
[1, 10, 0, 0]
[1, 9, 0, -1]
[2, 7, 1, -2]
[3, 5, 1, -2]
[5, 3, 2, -2]
[8, 2, 3, -1]
[11, 1, 3, -1]
[14, 1, 3, 0]
[17, 2, 3, 1]
[19, 4, 2, 2]
[21, 6, 2, 2]
[23, 8, 2, 2]
[4, 10, 0, 0]
[3, 9, -1, -1]
[3, 7, 0, -2]
[4, 4, 1, -3]
[5, 1, 1, -3]
[3, 10, 0, 0]
[3, 9, 0, -1]
[3, 8, 0, -1]
[3, 7, 0, -1]
[3, 5, 0, -2]
[4, 3, 1, -2]
[6, 2, 2, -1]
[9, 2, 3, 0]
[13, 2, 4, 0]
[16, 2, 3, 0]
[18, 2, 2, 0]
[20, 3, 2, 1]
[21, 5, 1, 2]
[22, 8, 1, 3]
[23, 11, 1, 3]
[23, 14, 0, 3]
[22, 16, -1, 2]
[21, 18, -1, 2]
[21, 19, 0, 1]
[21, 19, 0, 0]
[21, 18, 0, -1]
[21, 16, 0, -2]
[20, 13, -1, -3]
[20, 9, 0, -4]
[20, 4, 0, -5]
[4, 10, 0, 0]
[3, 9, -1, -1]
[3, 7, 0, -2]
[4, 4, 1, -3]
[6, 2, 2, -2]
[9, 1, 3, -1]
[11, 1, 2, 0]
[14, 1, 3, 0]
[17, 2, 3, 1]
[19, 4, 2, 2]
[21, 6, 2, 2]
[23, 8, 2, 2]
[1, 10, 0, 0]
[1, 9, 0, -1]
[2, 7, 1, -2]
[3, 5, 1, -2]
[5, 3, 2, -2]
[8, 2, 3, -1]
[1, 10, 0, 0]
[1, 9, 0, -1]
[2, 7, 1, -2]
[3, 5, 1, -2]
[5, 3, 2, -2]
[8, 2, 3, -1]
[11, 1, 3, -1]
[14, 1, 3, 0]
[17, 2, 3, 1]
[20, 3, 3, 1]
[22, 4, 2, 1]
[23, 6, 1, 2]
[4, 10, 0, 0]
[2, 10, 0, 0]
[2, 9, 0, -1]
[2, 7, 0, -2]
[3, 5, 1, -2]
[4, 3, 1, -2]
[6, 2, 2, -1]
[8, 1, 2, -1]
[3, 10, 0, 0]
[3, 9, 0, -1]
[3, 8, 0, -1]
[4, 6, 1, -2]
[5, 4, 1, -2]
[6, 2, 1, -2]
[8, 1, 2, -1]
[1, 10, 0, 0]
[1, 9, 0, -1]
[2, 7, 1, -2]
[2, 5, 0, -2]
[3, 4, 1, -1]
[4, 3, 1, -1]
[6, 2, 2, -1]
[8, 1, 2, -1]
[10, 1, 2, 0]
[13, 1, 3, 0]
[16, 2, 3, 1]
[18, 3, 2, 1]
[20, 4, 2, 1]
[21, 6, 1, 2]
[22, 9, 1, 3]
[23, 12, 1, 3]
[3, 10, 0, 0]
[3, 9, 0, -1]
[3, 7, 0, -2]
[4, 4, 1, -3]
[6, 2, 2, -2]
[9, 1, 3, -1]
[11, 1, 2, 0]
[14, 1, 3, 0]
[17, 2, 3, 1]
[19, 4, 2, 2]
[21, 6, 2, 2]
[22, 9, 1, 3]
[23, 12, 1, 3]
[23, 14, 0, 2]
[23, 16, 0, 2]
[22, 18, -1, 2]
[20, 20, -2, 2]
[17, 22, -3, 2]
[13, 23, -4, 1]
[10, 23, -3, 0]
[7, 23, -3, 0]
[5, 23, -2, 0]
[4, 22, -1, -1]
[1, 10, 0, 0]
[1, 9, 0, -1]
[2, 7, 1, -2]
[3, 5, 1, -2]
[5, 3, 2, -2]
[7, 1, 2, -2]
[4, 10, 0, 0]
[3, 9, -1, -1]
[2, 7, -1, -2]
[2, 6, 0, -1]
[3, 4, 1, -2]
[4, 2, 1, -2]
[6, 1, 2, -1]
[9, 1, 3, 0]
[13, 1, 4, 0]
[17, 1, 4, 0]
[20, 2, 3, 1]
[22, 4, 2, 2]
[23, 7, 1, 3]
[23, 10, 0, 3]
[23, 13, 0, 3]
[22, 16, -1, 3]
[21, 19, -1, 3]
[20, 22, -1, 3]
[1, 10, 0, 0]
[1, 10, 0, 0]
[1, 9, 0, -1]
[2, 7, 1, -2]
[3, 5, 1, -2]
[5, 3, 2, -2]
[7, 1, 2, -2]
[2, 10, 0, 0]
[2, 9, 0, -1]
[2, 7, 0, -2]
[3, 5, 1, -2]
[5, 3, 2, -2]
[8, 2, 3, -1]
[11, 1, 3, -1]
[14, 1, 3, 0]
[17, 1, 3, 0]
[19, 2, 2, 1]
[20, 4, 1, 2]
[20, 6, 0, 2]
[20, 9, 0, 3]
[21, 13, 1, 4]
[22, 18, 1, 5]
[1, 10, 0, 0]
[1, 9, 0, -1]
[2, 7, 1, -2]
[3, 5, 1, -2]
[5, 3, 2, -2]
[8, 2, 3, -1]
[12, 1, 4, -1]
[15, 1, 3, 0]
[18, 2, 3, 1]
[20, 4, 2, 2]
[21, 7, 1, 3]
[21, 11, 0, 4]
[22, 14, 1, 3]
[1, 10, 0, 0]
[1, 9, 0, -1]
[2, 7, 1, -2]
[3, 5, 1, -2]
[4, 3, 1, -2]
[4, 10, 0, 0]
[3, 9, -1, -1]
[3, 7, 0, -2]
[3, 5, 0, -2]
[3, 2, 0, -3]
[4, 10, 0, 0]
[3, 9, -1, -1]
[3, 7, 0, -2]
[3, 5, 0, -2]
[4, 3, 1, -2]
[6, 2, 2, -1]
[9, 2, 3, 0]
[4, 10, 0, 0]
[3, 9, -1, -1]
[2, 8, -1, -1]
[2, 7, 0, -1]
[3, 5, 1, -2]
[5, 3, 2, -2]
[8, 2, 3, -1]
[11, 1, 3, -1]
[14, 1, 3, 0]
[17, 2, 3, 1]
[19, 4, 2, 2]
[21, 6, 2, 2]
[22, 9, 1, 3]
[22, 13, 0, 4]
[22, 17, 0, 4]
[21, 20, -1, 3]
[19, 22, -2, 2]
[16, 23, -3, 1]
[13, 23, -3, 0]
[10, 23, -3, 0]
[7, 22, -3, -1]
[4, 20, -3, -2]
[2, 18, -2, -2]
[1, 15, -1, -3]
[1, 12, 0, 0]
finish
Moves: 1540


Average of 10 trials
	average moves:  1645