Q-learning L-track, Crash type hard

[1, 6, 0, 0]
[2, 6, 1, 0]
[4, 6, 2, 0]
[6, 6, 2, 0]
[7, 7, 1, 1]
[7, 8, 0, 1]
[6, 8, -1, 0]
[4, 8, -2, 0]
[1, 7, -3, -1]
[1, 8, 0, 0]
[2, 8, 1, 0]
[4, 8, 2, 0]
[6, 8, 2, 0]
[9, 7, 3, -1]
[12, 6, 3, -1]
[14, 6, 2, 0]
[15, 7, 1, 1]
[16, 8, 1, 1]
[17, 9, 1, 1]
[18, 9, 1, 0]
[1, 9, 0, 0]
[1, 8, 0, -1]
[1, 6, 0, -2]
[1, 9, 0, 0]
[2, 9, 1, 0]
[4, 9, 2, 0]
[7, 9, 3, 0]
[11, 9, 4, 0]
[14, 9, 3, 0]
[16, 9, 2, 0]
[17, 9, 1, 0]
[17, 8, 0, -1]
[17, 7, 0, -1]
[16, 7, -1, 0]
[16, 6, 0, -1]
[16, 6, 0, 0]
[16, 6, 0, 0]
[15, 7, -1, 1]
[14, 8, -1, 1]
[12, 8, -2, 0]
[10, 7, -2, -1]
[8, 7, -2, 0]
[6, 7, -2, 0]
[5, 6, -1, -1]
[1, 7, 0, 0]
[2, 8, 1, 1]
[4, 8, 2, 0]
[6, 8, 2, 0]
[9, 7, 3, -1]
[12, 6, 3, -1]
[14, 6, 2, 0]
[16, 6, 2, 0]
[17, 6, 1, 0]
[17, 7, 0, 1]
[17, 9, 0, 2]
[1, 9, 0, 0]
[1, 9, 0, 0]
[2, 9, 1, 0]
[4, 9, 2, 0]
[6, 9, 2, 0]
[9, 9, 3, 0]
[13, 9, 4, 0]
[18, 8, 5, -1]
[23, 6, 5, -2]
[1, 8, 0, 0]
[1, 8, 0, 0]
[2, 8, 1, 0]
[4, 8, 2, 0]
[7, 7, 3, -1]
[11, 6, 4, -1]
[16, 6, 5, 0]
[20, 6, 4, 0]
[25, 7, 5, 1]
[29, 9, 4, 2]
[1, 8, 0, 0]
[2, 8, 1, 0]
[4, 8, 2, 0]
[7, 7, 3, -1]
[11, 6, 4, -1]
[16, 6, 5, 0]
[20, 6, 4, 0]
[24, 6, 4, 0]
[29, 7, 5, 1]
[34, 8, 5, 1]
[1, 6, 0, 0]
[2, 6, 1, 0]
[4, 6, 2, 0]
[6, 6, 2, 0]
[7, 7, 1, 1]
[8, 8, 1, 1]
[8, 8, 0, 0]
[7, 7, -1, -1]
[6, 6, -1, -1]
[1, 9, 0, 0]
[1, 9, 0, 0]
[2, 9, 1, 0]
[3, 9, 1, 0]
[4, 9, 1, 0]
[6, 9, 2, 0]
[9, 9, 3, 0]
[13, 9, 4, 0]
[18, 8, 5, -1]
[23, 6, 5, -2]
[1, 7, 0, 0]
[2, 8, 1, 1]
[4, 8, 2, 0]
[7, 7, 3, -1]
[10, 6, 3, -1]
[13, 6, 3, 0]
[16, 6, 3, 0]
[18, 7, 2, 1]
[20, 8, 2, 1]
[21, 9, 1, 1]
[1, 7, 0, 0]
[2, 8, 1, 1]
[3, 9, 1, 1]
[1, 6, 0, 0]
[1, 6, 0, 0]
[2, 6, 1, 0]
[4, 6, 2, 0]
[6, 6, 2, 0]
[7, 7, 1, 1]
[7, 8, 0, 1]
[6, 8, -1, 0]
[4, 9, -2, 1]
[1, 7, 0, 0]
[2, 8, 1, 1]
[4, 8, 2, 0]
[7, 7, 3, -1]
[11, 6, 4, -1]
[16, 6, 5, 0]
[21, 6, 5, 0]
[25, 6, 4, 0]
[28, 7, 3, 1]
[30, 7, 2, 0]
[32, 8, 2, 1]
[33, 8, 1, 0]
[33, 8, 0, 0]
[34, 7, 1, -1]
[35, 7, 1, 0]
[35, 8, 0, 1]
[1, 6, 0, 0]
[2, 6, 1, 0]
[4, 6, 2, 0]
[6, 6, 2, 0]
[7, 7, 1, 1]
[8, 8, 1, 1]
[9, 9, 1, 1]
[1, 6, 0, 0]
[2, 6, 1, 0]
[2, 7, 0, 1]
[3, 8, 1, 1]
[5, 9, 2, 1]
[8, 9, 3, 0]
[12, 9, 4, 0]
[16, 8, 4, -1]
[19, 6, 3, -2]
[1, 9, 0, 0]
[1, 9, 0, 0]
[2, 9, 1, 0]
[1, 9, 0, 0]
[2, 9, 1, 0]
[4, 9, 2, 0]
[7, 9, 3, 0]
[10, 9, 3, 0]
[14, 8, 4, -1]
[17, 6, 3, -2]
[1, 8, 0, 0]
[2, 8, 1, 0]
[4, 8, 2, 0]
[7, 7, 3, -1]
[11, 6, 4, -1]
[1, 6, 0, 0]
[2, 6, 1, 0]
[4, 6, 2, 0]
[6, 6, 2, 0]
[7, 7, 1, 1]
[7, 8, 0, 1]
[7, 9, 0, 1]
[6, 9, -1, 0]
[4, 8, -2, -1]
[1, 7, -3, -1]
[1, 9, 0, 0]
[1, 9, 0, 0]
[2, 9, 1, 0]
[4, 9, 2, 0]
[7, 9, 3, 0]
[11, 9, 4, 0]
[16, 9, 5, 0]
[20, 9, 4, 0]
[25, 9, 5, 0]
[30, 9, 5, 0]
[35, 9, 5, 0]
[1, 8, 0, 0]
[2, 8, 1, 0]
[4, 8, 2, 0]
[7, 7, 3, -1]
[10, 6, 3, -1]
[13, 6, 3, 0]
[16, 6, 3, 0]
[18, 7, 2, 1]
[20, 8, 2, 1]
[21, 9, 1, 1]
[1, 9, 0, 0]
[2, 9, 1, 0]
[3, 9, 1, 0]
[4, 9, 1, 0]
[5, 9, 1, 0]
[7, 8, 2, -1]
[8, 6, 1, -2]
[1, 7, 0, 0]
[2, 8, 1, 1]
[4, 8, 2, 0]
[7, 7, 3, -1]
[11, 6, 4, -1]
[16, 6, 5, 0]
[20, 6, 4, 0]
[25, 7, 5, 1]
[29, 9, 4, 2]
[1, 8, 0, 0]
[2, 8, 1, 0]
[4, 8, 2, 0]
[6, 8, 2, 0]
[9, 7, 3, -1]
[13, 7, 4, 0]
[16, 6, 3, -1]
[19, 6, 3, 0]
[21, 7, 2, 1]
[23, 7, 2, 0]
[26, 7, 3, 0]
[29, 7, 3, 0]
[32, 6, 3, -1]
[34, 6, 2, 0]
[35, 5, 1, -1]
[35, 3, 0, -2]
[34, 1, 0, 0]
finish
Moves: 234

Average of 10 trials
	average moves:  760


