Q-learning R-track Harsh Crash

[2, 26, 0, 0]
[2, 26, 0, 0]
[3, 25, 1, -1]
[3, 23, 0, -2]
[3, 20, 0, -3]
[3, 16, 0, -4]
[3, 12, 0, -4]
[3, 8, 0, -4]
[4, 5, 1, -3]
[5, 2, 1, -3]
[1, 26, 0, 0]
[1, 26, 0, 0]
[2, 25, 1, -1]
[2, 23, 0, -2]
[3, 20, 1, -3]
[3, 16, 0, -4]
[3, 12, 0, -4]
[3, 9, 0, -3]
[4, 6, 1, -3]
[2, 26, 0, 0]
[3, 25, 1, -1]
[3, 23, 0, -2]
[3, 20, 0, -3]
[3, 17, 0, -3]
[4, 14, 1, -3]
[4, 10, 0, -4]
[5, 7, 1, -3]
[6, 5, 1, -2]
[6, 4, 0, -1]
[6, 3, 0, -1]
[6, 2, 0, -1]
[3, 26, 0, 0]
[3, 25, 0, -1]
[3, 23, 0, -2]
[3, 20, 0, -3]
[3, 16, 0, -4]
[3, 12, 0, -4]
[3, 8, 0, -4]
[4, 5, 1, -3]
[6, 3, 2, -2]
[9, 2, 3, -1]
[12, 2, 3, 0]
[16, 3, 4, 1]
[20, 3, 4, 0]
[23, 2, 3, -1]
[25, 2, 2, 0]
[26, 3, 1, 1]
[2, 26, 0, 0]
[2, 26, 0, 0]
[3, 25, 1, -1]
[3, 23, 0, -2]
[3, 20, 0, -3]
[3, 17, 0, -3]
[3, 14, 0, -3]
[3, 11, 0, -3]
[3, 8, 0, -3]
[4, 6, 1, -2]
[6, 4, 2, -2]
[9, 3, 3, -1]
[13, 2, 4, -1]
[16, 2, 3, 0]
[19, 2, 3, 0]
[22, 3, 3, 1]
[3, 26, 0, 0]
[3, 25, 0, -1]
[3, 23, 0, -2]
[3, 20, 0, -3]
[3, 16, 0, -4]
[3, 12, 0, -4]
[4, 8, 1, -4]
[5, 4, 1, -4]
[1, 26, 0, 0]
[2, 25, 1, -1]
[2, 23, 0, -2]
[3, 20, 1, -3]
[4, 17, 1, -3]
[4, 13, 0, -4]
[5, 10, 1, -3]
[5, 8, 0, -2]
[6, 7, 1, -1]
[6, 7, 0, 0]
[6, 7, 0, 0]
[5, 8, -1, 1]
[3, 10, -2, 2]
[4, 26, 0, 0]
[4, 25, 0, -1]
[3, 23, -1, -2]
[3, 20, 0, -3]
[3, 16, 0, -4]
[3, 12, 0, -4]
[3, 9, 0, -3]
[3, 6, 0, -3]
[4, 4, 1, -2]
[6, 3, 2, -1]
[9, 3, 3, 0]
[13, 2, 4, -1]
[17, 1, 4, -1]
[20, 1, 3, 0]
[5, 26, 0, 0]
[5, 25, 0, -1]
[4, 23, -1, -2]
[3, 21, -1, -2]
[3, 18, 0, -3]
[3, 14, 0, -4]
[3, 11, 0, -3]
[3, 8, 0, -3]
[4, 6, 1, -2]
[6, 4, 2, -2]
[9, 3, 3, -1]
[12, 2, 3, -1]
[14, 2, 2, 0]
[16, 2, 2, 0]
[18, 2, 2, 0]
[20, 2, 2, 0]
[21, 3, 1, 1]
[22, 4, 1, 1]
[22, 4, 0, 0]
[22, 4, 0, 0]
[21, 4, -1, 0]
[19, 3, -2, -1]
[16, 1, -3, -2]
[1, 26, 0, 0]
[5, 26, 0, 0]
[5, 26, 0, 0]
[5, 25, 0, -1]
[4, 23, -1, -2]
[3, 20, -1, -3]
[3, 16, 0, -4]
[3, 12, 0, -4]
[3, 9, 0, -3]
[4, 6, 1, -3]
[6, 4, 2, -2]
[9, 3, 3, -1]
[12, 2, 3, -1]
[15, 1, 3, -1]
[19, 1, 4, 0]
[22, 2, 3, 1]
[24, 2, 2, 0]
[25, 3, 1, 1]
[25, 3, 0, 0]
[24, 2, -1, -1]
[22, 2, -2, 0]
[19, 2, -3, 0]
[15, 3, -4, 1]
[2, 26, 0, 0]
[3, 25, 1, -1]
[3, 23, 0, -2]
[3, 21, 0, -2]
[3, 18, 0, -3]
[3, 15, 0, -3]
[3, 12, 0, -3]
[4, 8, 1, -4]
[5, 5, 1, -3]
[6, 2, 1, -3]
[3, 26, 0, 0]
[3, 25, 0, -1]
[3, 23, 0, -2]
[3, 20, 0, -3]
[3, 16, 0, -4]
[3, 12, 0, -4]
[3, 9, 0, -3]
[2, 6, -1, -3]
[2, 4, 0, -2]
[3, 3, 1, -1]
[5, 3, 2, 0]
[6, 2, 1, -1]
[6, 2, 0, 0]
[5, 3, -1, 1]
[4, 5, -1, 2]
[3, 8, -1, 3]
[3, 12, 0, 4]
[3, 16, 0, 4]
[3, 20, 0, 4]
[3, 25, 0, 5]
[4, 26, 0, 0]
[4, 25, 0, -1]
[3, 23, -1, -2]
[3, 20, 0, -3]
[3, 17, 0, -3]
[3, 14, 0, -3]
[3, 11, 0, -3]
[3, 8, 0, -3]
[4, 6, 1, -2]
[6, 4, 2, -2]
[9, 3, 3, -1]
[13, 2, 4, -1]
[16, 2, 3, 0]
[18, 3, 2, 1]
[20, 4, 2, 1]
[22, 5, 2, 1]
[23, 5, 1, 0]
[5, 26, 0, 0]
[5, 25, 0, -1]
[4, 23, -1, -2]
[3, 21, -1, -2]
[3, 18, 0, -3]
[3, 14, 0, -4]
[3, 11, 0, -3]
[3, 8, 0, -3]
[4, 6, 1, -2]
[4, 4, 0, -2]
[4, 3, 0, -1]
[3, 3, -1, 0]
[3, 4, 0, 1]
[3, 5, 0, 1]
[3, 7, 0, 2]
[3, 9, 0, 2]
[4, 12, 1, 3]
[5, 15, 1, 3]
[5, 19, 0, 4]
[5, 23, 0, 4]
[1, 26, 0, 0]
[2, 25, 1, -1]
[2, 23, 0, -2]
[3, 20, 1, -3]
[4, 17, 1, -3]
[4, 13, 0, -4]
[5, 10, 1, -3]
[5, 8, 0, -2]
[6, 7, 1, -1]
[6, 7, 0, 0]
[5, 8, -1, 1]
[3, 10, -2, 2]
[1, 12, -2, 2]
[5, 26, 0, 0]
[5, 25, 0, -1]
[4, 23, -1, -2]
[3, 20, -1, -3]
[3, 16, 0, -4]
[2, 13, -1, -3]
[2, 11, 0, -2]
[3, 10, 1, -1]
[3, 10, 0, 0]
[2, 11, -1, 1]
[2, 13, 0, 2]
[2, 16, 0, 3]
[3, 20, 1, 4]
[4, 25, 1, 5]
[3, 26, 0, 0]
[3, 25, 0, -1]
[3, 23, 0, -2]
[3, 21, 0, -2]
[4, 19, 1, -2]
[4, 16, 0, -3]
[4, 12, 0, -4]
[4, 8, 0, -4]
[4, 4, 0, -4]
[4, 26, 0, 0]
[4, 25, 0, -1]
[3, 23, -1, -2]
[3, 20, 0, -3]
[3, 16, 0, -4]
[3, 12, 0, -4]
[3, 8, 0, -4]
[4, 5, 1, -3]
[3, 26, 0, 0]
[3, 25, 0, -1]
[3, 23, 0, -2]
[3, 20, 0, -3]
[3, 16, 0, -4]
[3, 12, 0, -4]
[3, 9, 0, -3]
[4, 6, 1, -3]
[6, 4, 2, -2]
[8, 2, 2, -2]
[10, 1, 2, -1]
[4, 26, 0, 0]
[1, 26, 0, 0]
[2, 25, 1, -1]
[2, 23, 0, -2]
[3, 20, 1, -3]
[3, 16, 0, -4]
[3, 12, 0, -4]
[3, 8, 0, -4]
[4, 5, 1, -3]
[5, 2, 1, -3]
[5, 26, 0, 0]
[5, 25, 0, -1]
[5, 24, 0, -1]
[5, 23, 0, -1]
[4, 21, -1, -2]
[3, 19, -1, -2]
[3, 16, 0, -3]
[3, 13, 0, -3]
[3, 9, 0, -4]
[4, 6, 1, -3]
[6, 4, 2, -2]
[9, 3, 3, -1]
[13, 2, 4, -1]
[17, 1, 4, -1]
[20, 1, 3, 0]
[22, 2, 2, 1]
[23, 3, 1, 1]
[23, 3, 0, 0]
[22, 4, -1, 1]
[20, 5, -2, 1]
[3, 26, 0, 0]
[3, 26, 0, 0]
[3, 25, 0, -1]
[3, 23, 0, -2]
[3, 20, 0, -3]
[3, 18, 0, -2]
[3, 15, 0, -3]
[4, 11, 1, -4]
[5, 7, 1, -4]
[6, 4, 1, -3]
[8, 2, 2, -2]
[10, 1, 2, -1]
[4, 26, 0, 0]
[4, 25, 0, -1]
[4, 24, 0, -1]
[3, 22, -1, -2]
[3, 19, 0, -3]
[3, 15, 0, -4]
[3, 11, 0, -4]
[3, 8, 0, -3]
[4, 6, 1, -2]
[6, 4, 2, -2]
[9, 3, 3, -1]
[13, 2, 4, -1]
[16, 2, 3, 0]
[18, 3, 2, 1]
[19, 3, 1, 0]
[20, 3, 1, 0]
[20, 4, 0, 1]
[19, 5, -1, 1]
[17, 7, -2, 2]
[1, 26, 0, 0]
[2, 25, 1, -1]
[2, 23, 0, -2]
[3, 20, 1, -3]
[3, 16, 0, -4]
[3, 12, 0, -4]
[3, 9, 0, -3]
[4, 6, 1, -3]
[5, 3, 1, -3]
[3, 26, 0, 0]
[3, 25, 0, -1]
[3, 23, 0, -2]
[3, 20, 0, -3]
[3, 17, 0, -3]
[3, 13, 0, -4]
[3, 9, 0, -4]
[4, 6, 1, -3]
[5, 3, 1, -3]
[3, 26, 0, 0]
[3, 26, 0, 0]
[3, 25, 0, -1]
[3, 23, 0, -2]
[3, 20, 0, -3]
[3, 16, 0, -4]
[3, 12, 0, -4]
[4, 7, 1, -5]
[5, 26, 0, 0]
[5, 25, 0, -1]
[5, 24, 0, -1]
[4, 22, -1, -2]
[2, 20, -2, -2]
[4, 26, 0, 0]
[4, 25, 0, -1]
[4, 24, 0, -1]
[3, 22, -1, -2]
[3, 19, 0, -3]
[3, 16, 0, -3]
[3, 13, 0, -3]
[3, 10, 0, -3]
[4, 7, 1, -3]
[6, 4, 2, -3]
[2, 26, 0, 0]
[3, 25, 1, -1]
[3, 23, 0, -2]
[3, 20, 0, -3]
[3, 17, 0, -3]
[3, 14, 0, -3]
[3, 11, 0, -3]
[3, 8, 0, -3]
[4, 6, 1, -2]
[6, 4, 2, -2]
[9, 3, 3, -1]
[13, 2, 4, -1]
[16, 2, 3, 0]
[18, 3, 2, 1]
[20, 4, 2, 1]
[21, 4, 1, 0]
[21, 5, 0, 1]
[20, 6, -1, 1]
[19, 7, -1, 1]
[17, 8, -2, 1]
[14, 9, -3, 1]
[11, 10, -3, 1]
[3, 26, 0, 0]
[3, 25, 0, -1]
[3, 23, 0, -2]
[3, 20, 0, -3]
[3, 16, 0, -4]
[3, 12, 0, -4]
[3, 9, 0, -3]
[4, 6, 1, -3]
[6, 4, 2, -2]
[8, 2, 2, -2]
[10, 1, 2, -1]
[13, 1, 3, 0]
[16, 1, 3, 0]
[18, 1, 2, 0]
[19, 2, 1, 1]
[19, 2, 0, 0]
[20, 1, 1, -1]
[21, 1, 1, 0]
[21, 1, 0, 0]
[20, 1, -1, 0]
[20, 2, 0, 1]
[19, 4, -1, 2]
[18, 6, -1, 2]
[16, 8, -2, 2]
[14, 9, -2, 1]
[13, 9, -1, 0]
[13, 9, 0, 0]
[14, 10, 1, 1]
[16, 12, 2, 2]
[19, 14, 3, 2]
[22, 16, 3, 2]
[25, 18, 3, 2]
[27, 19, 2, 1]
[3, 26, 0, 0]
[3, 25, 0, -1]
[3, 23, 0, -2]
[3, 21, 0, -2]
[4, 20, 1, -1]
[4, 19, 0, -1]
[3, 18, -1, -1]
[3, 18, 0, 0]
[3, 19, 0, 1]
[2, 20, -1, 1]
[2, 21, 0, 1]
[1, 23, -1, 2]
[1, 26, 0, 3]
[4, 26, 0, 0]
[4, 25, 0, -1]
[3, 23, -1, -2]
[3, 20, 0, -3]
[3, 17, 0, -3]
[3, 14, 0, -3]
[3, 11, 0, -3]
[3, 8, 0, -3]
[4, 6, 1, -2]
[6, 4, 2, -2]
[8, 2, 2, -2]
[10, 1, 2, -1]
[13, 1, 3, 0]
[16, 1, 3, 0]
[18, 1, 2, 0]
[19, 2, 1, 1]
[19, 4, 0, 2]
[19, 6, 0, 2]
[18, 8, -1, 2]
[16, 9, -2, 1]
[14, 9, -2, 0]
[12, 10, -2, 1]
[11, 10, -1, 0]
[10, 10, -1, 0]
[3, 26, 0, 0]
[3, 25, 0, -1]
[3, 23, 0, -2]
[3, 20, 0, -3]
[3, 16, 0, -4]
[3, 12, 0, -4]
[3, 9, 0, -3]
[3, 6, 0, -3]
[4, 4, 1, -2]
[6, 3, 2, -1]
[9, 3, 3, 0]
[12, 3, 3, 0]
[16, 3, 4, 0]
[20, 3, 4, 0]
[23, 2, 3, -1]
[25, 2, 2, 0]
[3, 26, 0, 0]
[4, 26, 0, 0]
[4, 25, 0, -1]
[3, 23, -1, -2]
[3, 20, 0, -3]
[3, 16, 0, -4]
[3, 12, 0, -4]
[3, 9, 0, -3]
[4, 6, 1, -3]
[6, 4, 2, -2]
[9, 3, 3, -1]
[13, 2, 4, -1]
[16, 2, 3, 0]
[19, 2, 3, 0]
[22, 2, 3, 0]
[24, 3, 2, 1]
[25, 3, 1, 0]
[25, 3, 0, 0]
[24, 2, -1, -1]
[22, 2, -2, 0]
[19, 1, -3, -1]
[15, 1, -4, 0]
[12, 1, -3, 0]
[9, 2, -3, 1]
[5, 4, -4, 2]
[3, 26, 0, 0]
[3, 25, 0, -1]
[3, 23, 0, -2]
[3, 20, 0, -3]
[3, 17, 0, -3]
[3, 13, 0, -4]
[3, 9, 0, -4]
[4, 6, 1, -3]
[5, 3, 1, -3]
[1, 26, 0, 0]
[5, 26, 0, 0]
[5, 26, 0, 0]
[5, 26, 0, 0]
[5, 25, 0, -1]
[4, 23, -1, -2]
[3, 21, -1, -2]
[3, 18, 0, -3]
[3, 15, 0, -3]
[4, 11, 1, -4]
[5, 8, 1, -3]
[6, 5, 1, -3]
[7, 2, 1, -3]
[2, 26, 0, 0]
[3, 25, 1, -1]
[3, 23, 0, -2]
[3, 20, 0, -3]
[3, 16, 0, -4]
[3, 12, 0, -4]
[3, 9, 0, -3]
[3, 6, 0, -3]
[4, 4, 1, -2]
[6, 3, 2, -1]
[9, 3, 3, 0]
[12, 3, 3, 0]
[16, 3, 4, 0]
[19, 2, 3, -1]
[2, 26, 0, 0]
[2, 26, 0, 0]
[4, 26, 0, 0]
[4, 25, 0, -1]
[3, 23, -1, -2]
[3, 20, 0, -3]
[4, 17, 1, -3]
[4, 13, 0, -4]
[4, 9, 0, -4]
[5, 6, 1, -3]
[6, 4, 1, -2]
[8, 3, 2, -1]
[10, 3, 2, 0]
[13, 2, 3, -1]
[16, 2, 3, 0]
[18, 3, 2, 1]
[20, 4, 2, 1]
[21, 4, 1, 0]
[21, 5, 0, 1]
[20, 6, -1, 1]
[19, 7, -1, 1]
[17, 8, -2, 1]
[14, 9, -3, 1]
[12, 10, -2, 1]
[3, 26, 0, 0]
[3, 25, 0, -1]
[3, 24, 0, -1]
[3, 22, 0, -2]
[3, 19, 0, -3]
[3, 15, 0, -4]
[3, 11, 0, -4]
[3, 8, 0, -3]
[3, 5, 0, -3]
[4, 3, 1, -2]
[2, 26, 0, 0]
[3, 25, 1, -1]
[3, 23, 0, -2]
[3, 20, 0, -3]
[3, 16, 0, -4]
[3, 12, 0, -4]
[3, 9, 0, -3]
[4, 6, 1, -3]
[6, 4, 2, -2]
[9, 3, 3, -1]
[13, 2, 4, -1]
[16, 2, 3, 0]
[19, 2, 3, 0]
[22, 3, 3, 1]
[24, 3, 2, 0]
[25, 3, 1, 0]
[25, 3, 0, 0]
[25, 3, 0, 0]
[24, 2, -1, -1]
[22, 2, -2, 0]
[19, 1, -3, -1]
[15, 1, -4, 0]
[12, 1, -3, 0]
[8, 2, -4, 1]
[4, 3, -4, 1]
[3, 26, 0, 0]
[3, 25, 0, -1]
[3, 23, 0, -2]
[3, 20, 0, -3]
[3, 16, 0, -4]
[3, 12, 0, -4]
[3, 8, 0, -4]
[2, 4, -1, -4]
[5, 26, 0, 0]
[4, 26, 0, 0]
[4, 25, 0, -1]
[5, 25, 1, 0]
[5, 24, 0, -1]
[4, 22, -1, -2]
[3, 19, -1, -3]
[3, 16, 0, -3]
[3, 13, 0, -3]
[3, 9, 0, -4]
[4, 6, 1, -3]
[6, 4, 2, -2]
[9, 3, 3, -1]
[13, 2, 4, -1]
[16, 2, 3, 0]
[18, 3, 2, 1]
[19, 3, 1, 0]
[19, 4, 0, 1]
[18, 6, -1, 2]
[16, 8, -2, 2]
[14, 9, -2, 1]
[13, 9, -1, 0]
[13, 9, 0, 0]
[13, 9, 0, 0]
[13, 9, 0, 0]
[14, 10, 1, 1]
[16, 12, 2, 2]
[19, 14, 3, 2]
[23, 17, 4, 3]
[26, 21, 3, 4]
[28, 26, 0, 0]
finish
Moves: 633

Average of 10 trials
	average moves: 1177
