SARSA R-track crash type soft

[5, 26, 0, 0]
[4, 25, -1, -1]
[2, 25, -2, 0]
[1, 25, 0, 0]
[2, 24, 1, -1]
[2, 23, 0, -1]
[3, 22, 1, -1]
[3, 21, 0, -1]
[3, 20, 0, -1]
[3, 18, 0, -2]
[4, 17, 1, -1]
[6, 17, 2, 0]
[6, 17, 0, 0]
[5, 16, -1, -1]
[4, 15, -1, -1]
[3, 14, -1, -1]
[1, 14, -2, 0]
[1, 14, 0, 0]
[2, 13, 1, -1]
[4, 12, 2, -1]
[6, 10, 2, -2]
[6, 10, 0, 0]
[6, 10, 0, 0]
[6, 10, 0, 0]
[6, 10, 0, 0]
[6, 10, 0, 0]
[5, 10, -1, 0]
[4, 11, -1, 1]
[3, 12, -1, 1]
[1, 14, -2, 2]
[1, 14, 0, 0]
[1, 14, 0, 0]
[2, 13, 1, -1]
[4, 12, 2, -1]
[6, 10, 2, -2]
[6, 10, 0, 0]
[5, 10, -1, 0]
[4, 11, -1, 1]
[2, 13, -2, 2]
[1, 14, 0, 0]
[1, 14, 0, 0]
[2, 13, 1, -1]
[4, 12, 2, -1]
[6, 10, 2, -2]
[6, 10, 0, 0]
[5, 10, -1, 0]
[4, 11, -1, 1]
[2, 13, -2, 2]
[1, 14, 0, 0]
[2, 13, 1, -1]
[4, 12, 2, -1]
[6, 10, 2, -2]
[6, 10, 0, 0]
[5, 10, -1, 0]
[4, 10, -1, 0]
[3, 10, -1, 0]
[3, 10, 0, 0]
[3, 10, 0, 0]
[4, 11, 1, 1]
[5, 11, 0, 0]
[4, 11, -1, 0]
[3, 11, -1, 0]
[2, 11, -1, 0]
[1, 12, -1, 1]
[1, 13, 0, 1]
[1, 14, 0, 1]
[2, 16, 1, 2]
[3, 19, 1, 3]
[4, 22, 1, 3]
[4, 24, 0, 2]
[4, 26, 0, 2]
[4, 26, 0, 0]
[3, 25, -1, -1]
[1, 24, -2, -1]
[1, 24, 0, 0]
[1, 23, 0, -1]
[1, 21, 0, -2]
[1, 21, 0, 0]
[2, 22, 1, 1]
[2, 22, 0, 0]
[3, 23, 1, 1]
[5, 25, 2, 2]
[5, 25, 0, 0]
[5, 24, 0, -1]
[5, 24, 0, 0]
[5, 25, 0, 1]
[5, 26, 0, 1]
[5, 26, 0, 0]
[4, 25, -1, -1]
[3, 24, -1, -1]
[3, 22, 0, -2]
[4, 19, 1, -3]
[4, 16, 0, -3]
[5, 13, 1, -3]
[5, 9, 0, -4]
[5, 4, 0, -5]
[5, 2, 0, 0]
[6, 2, 1, 0]
[7, 2, 1, 0]
[9, 2, 2, 0]
[11, 1, 2, -1]
[14, 1, 3, 0]
[16, 2, 2, 1]
[19, 3, 3, 1]
[22, 4, 3, 1]
[23, 4, 0, 0]
[22, 3, -1, -1]
[20, 1, -2, -2]
[20, 1, 0, 0]
[21, 2, 1, 1]
[21, 3, 0, 1]
[21, 5, 0, 2]
[21, 6, 0, 0]
[21, 6, 0, 0]
[21, 6, 0, 0]
[20, 6, -1, 0]
[18, 7, -2, 1]
[16, 8, -2, 1]
[14, 10, -2, 2]
[13, 11, 0, 0]
[13, 11, 0, 0]
[12, 10, -1, -1]
[10, 10, -2, 0]
[10, 10, 0, 0]
[11, 10, 1, 0]
[12, 10, 1, 0]
[14, 10, 2, 0]
[14, 10, 0, 0]
[15, 11, 1, 1]
[16, 12, 1, 1]
[16, 12, 0, 0]
[16, 13, 0, 1]
[16, 14, 0, 0]
[17, 14, 1, 0]
[17, 14, 0, 0]
[17, 13, 0, -1]
[17, 12, 0, -1]
[17, 12, 0, 0]
[17, 12, 0, 0]
[16, 12, -1, 0]
[14, 11, -2, -1]
[13, 9, -1, -2]
[13, 9, 0, 0]
[14, 8, 1, -1]
[16, 8, 2, 0]
[17, 8, 0, 0]
[18, 7, 1, -1]
[19, 6, 1, -1]
[21, 5, 2, -1]
[23, 3, 2, -2]
[25, 2, 0, 0]
[25, 2, 0, 0]
[24, 3, -1, 1]
[22, 5, -2, 2]
[19, 6, -3, 1]
[17, 7, -2, 1]
[16, 9, -1, 2]
[16, 9, 0, 0]
[16, 9, 0, 0]
[15, 9, -1, 0]
[14, 9, -1, 0]
[12, 10, -2, 1]
[10, 10, 0, 0]
[10, 10, 0, 0]
[11, 10, 1, 0]
[13, 11, 2, 1]
[16, 12, 3, 1]
[19, 14, 3, 2]
[22, 16, 3, 2]
[25, 18, 3, 2]
[27, 19, 0, 0]
[27, 19, 0, 0]
[26, 18, -1, -1]
[25, 16, -1, -2]
[25, 16, 0, 0]
[25, 16, 0, 0]
[24, 17, -1, 1]
[23, 17, -1, 0]
[23, 16, 0, -1]
[23, 16, 0, 0]
[23, 17, 0, 1]
[23, 17, 0, 0]
[24, 16, 1, -1]
[24, 16, 0, 0]
[24, 17, 0, 1]
[23, 17, -1, 0]
[23, 17, 0, 0]
[23, 17, 0, 0]
[22, 16, -1, -1]
[20, 14, -2, -2]
[20, 14, 0, 0]
[20, 14, 0, 0]
[20, 14, 0, 0]
[19, 15, -1, 1]
[19, 15, 0, 0]
[19, 15, 0, 0]
[20, 15, 1, 0]
[22, 16, 2, 1]
[24, 16, 2, 0]
[25, 16, 0, 0]
[24, 17, -1, 1]
[23, 18, -1, 1]
[23, 20, 0, 2]
[23, 20, 0, 0]
[24, 19, 1, -1]
[26, 18, 2, -1]
[27, 18, 0, 0]
[27, 19, 0, 1]
[26, 19, -1, 0]
[24, 18, -2, -1]
[23, 17, -1, -1]
[23, 15, 0, -2]
[23, 15, 0, 0]
[24, 16, 1, 1]
[25, 17, 1, 1]
[27, 19, 2, 2]
[27, 19, 0, 0]
[26, 18, -1, -1]
[25, 16, -1, -2]
[25, 16, 0, 0]
[24, 17, -1, 1]
[23, 18, -1, 1]
[23, 18, 0, 0]
[24, 17, 1, -1]
[26, 16, 2, -1]
[27, 16, 0, 0]
[27, 16, 0, 0]
[26, 17, -1, 1]
[25, 18, -1, 1]
[25, 20, 0, 2]
[25, 22, 0, 2]
[25, 24, 0, 2]
[24, 26, 0, 0]
finish
Moves: 231

Average of 10 trials
	average moves:  441
