SARSA R-track crash type Harsh

[3, 26, 0, 0]
[4, 25, 1, -1]
[4, 23, 0, -2]
[3, 20, -1, -3]
[3, 16, 0, -4]
[3, 13, 0, -3]
[3, 10, 0, -3]
[4, 8, 1, -2]
[6, 7, 2, -1]
[5, 26, 0, 0]
[4, 25, -1, -1]
[3, 24, -1, -1]
[3, 22, 0, -2]
[3, 19, 0, -3]
[3, 15, 0, -4]
[2, 12, -1, -3]
[1, 26, 0, 0]
[1, 25, 0, -1]
[3, 26, 0, 0]
[4, 25, 1, -1]
[4, 23, 0, -2]
[3, 20, -1, -3]
[3, 16, 0, -4]
[3, 13, 0, -3]
[3, 9, 0, -4]
[4, 6, 1, -3]
[3, 26, 0, 0]
[3, 26, 0, 0]
[4, 25, 1, -1]
[4, 23, 0, -2]
[3, 20, -1, -3]
[3, 16, 0, -4]
[3, 13, 0, -3]
[3, 9, 0, -4]
[3, 5, 0, -4]
[5, 26, 0, 0]
[4, 25, -1, -1]
[4, 23, 0, -2]
[4, 21, 0, -2]
[4, 18, 0, -3]
[3, 15, -1, -3]
[3, 12, 0, -3]
[3, 9, 0, -3]
[4, 6, 1, -3]
[6, 4, 2, -2]
[9, 3, 3, -1]
[13, 3, 4, 0]
[17, 3, 4, 0]
[21, 3, 4, 0]
[24, 2, 3, -1]
[3, 26, 0, 0]
[3, 26, 0, 0]
[4, 25, 1, -1]
[4, 23, 0, -2]
[3, 20, -1, -3]
[3, 16, 0, -4]
[4, 13, 1, -3]
[4, 10, 0, -3]
[5, 8, 1, -2]
[5, 7, 0, -1]
[4, 7, -1, 0]
[2, 7, -2, 0]
[5, 26, 0, 0]
[4, 25, -1, -1]
[4, 23, 0, -2]
[3, 20, -1, -3]
[2, 18, -1, -2]
[2, 17, 0, -1]
[4, 26, 0, 0]
[4, 25, 0, -1]
[3, 23, -1, -2]
[2, 21, -1, -2]
[2, 18, 0, -3]
[2, 15, 0, -3]
[2, 11, 0, -4]
[3, 8, 1, -3]
[4, 6, 1, -2]
[6, 4, 2, -2]
[9, 3, 3, -1]
[13, 3, 4, 0]
[16, 3, 3, 0]
[18, 4, 2, 1]
[19, 5, 1, 1]
[19, 6, 0, 1]
[19, 7, 0, 1]
[19, 7, 0, 0]
[19, 6, 0, -1]
[18, 4, -1, -2]
[18, 1, 0, -3]
[3, 26, 0, 0]
[4, 25, 1, -1]
[4, 23, 0, -2]
[3, 20, -1, -3]
[2, 17, -1, -3]
[1, 15, -1, -2]
[1, 13, 0, -2]
[2, 10, 1, -3]
[4, 6, 2, -4]
[7, 2, 3, -4]
[2, 26, 0, 0]
[2, 26, 0, 0]
[2, 25, 0, -1]
[3, 23, 1, -2]
[4, 21, 1, -2]
[5, 19, 1, -2]
[5, 16, 0, -3]
[5, 12, 0, -4]
[4, 9, -1, -3]
[4, 6, 0, -3]
[5, 4, 1, -2]
[7, 3, 2, -1]
[10, 3, 3, 0]
[14, 2, 4, -1]
[17, 1, 3, -1]
[19, 1, 2, 0]
[20, 2, 1, 1]
[20, 4, 0, 2]
[19, 6, -1, 2]
[17, 7, -2, 1]
[15, 8, -2, 1]
[13, 9, -2, 1]
[12, 9, -1, 0]
[3, 26, 0, 0]
[4, 25, 1, -1]
[4, 23, 0, -2]
[3, 20, -1, -3]
[2, 17, -1, -3]
[1, 14, -1, -3]
[1, 26, 0, 0]
[1, 26, 0, 0]
[1, 25, 0, -1]
[2, 23, 1, -2]
[3, 21, 1, -2]
[3, 18, 0, -3]
[3, 14, 0, -4]
[4, 11, 1, -3]
[4, 8, 0, -3]
[5, 6, 1, -2]
[7, 4, 2, -2]
[8, 3, 1, -1]
[9, 1, 1, -2]
[3, 26, 0, 0]
[4, 25, 1, -1]
[4, 23, 0, -2]
[5, 21, 1, -2]
[5, 18, 0, -3]
[5, 15, 0, -3]
[5, 12, 0, -3]
[5, 9, 0, -3]
[5, 6, 0, -3]
[6, 4, 1, -2]
[8, 3, 2, -1]
[11, 3, 3, 0]
[5, 26, 0, 0]
[4, 25, -1, -1]
[4, 23, 0, -2]
[4, 21, 0, -2]
[4, 18, 0, -3]
[3, 15, -1, -3]
[3, 12, 0, -3]
[3, 9, 0, -3]
[3, 6, 0, -3]
[3, 4, 0, -2]
[4, 3, 1, -1]
[4, 3, 0, 0]
[4, 3, 0, 0]
[4, 3, 0, 0]
[4, 3, 0, 0]
[3, 4, -1, 1]
[3, 6, 0, 2]
[3, 8, 0, 2]
[3, 11, 0, 3]
[3, 14, 0, 3]
[3, 17, 0, 3]
[4, 21, 1, 4]
[5, 25, 1, 4]
[2, 26, 0, 0]
[2, 25, 0, -1]
[3, 23, 1, -2]
[3, 20, 0, -3]
[3, 16, 0, -4]
[3, 13, 0, -3]
[3, 9, 0, -4]
[4, 6, 1, -3]
[6, 4, 2, -2]
[9, 3, 3, -1]
[13, 3, 4, 0]
[16, 3, 3, 0]
[18, 4, 2, 1]
[20, 5, 2, 1]
[21, 5, 1, 0]
[23, 5, 2, 0]
[24, 4, 1, -1]
[24, 4, 0, 0]
[24, 4, 0, 0]
[23, 3, -1, -1]
[21, 2, -2, -1]
[18, 1, -3, -1]
[14, 1, -4, 0]
[9, 2, -5, 1]
[4, 4, -5, 2]
[4, 26, 0, 0]
[4, 26, 0, 0]
[4, 25, 0, -1]
[3, 23, -1, -2]
[3, 20, 0, -3]
[3, 17, 0, -3]
[4, 14, 1, -3]
[5, 11, 1, -3]
[5, 9, 0, -2]
[5, 7, 0, -2]
[6, 4, 1, -3]
[8, 2, 2, -2]
[3, 26, 0, 0]
[4, 25, 1, -1]
[5, 24, 1, -1]
[5, 22, 0, -2]
[4, 19, -1, -3]
[3, 16, -1, -3]
[3, 13, 0, -3]
[3, 9, 0, -4]
[3, 5, 0, -4]
[1, 26, 0, 0]
[1, 25, 0, -1]
[2, 23, 1, -2]
[2, 20, 0, -3]
[2, 17, 0, -3]
[2, 14, 0, -3]
[3, 11, 1, -3]
[3, 9, 0, -2]
[4, 6, 1, -3]
[5, 3, 1, -3]
[5, 26, 0, 0]
[4, 25, -1, -1]
[4, 23, 0, -2]
[4, 21, 0, -2]
[4, 18, 0, -3]
[4, 15, 0, -3]
[4, 12, 0, -3]
[4, 10, 0, -2]
[3, 9, -1, -1]
[2, 8, -1, -1]
[2, 8, 0, 0]
[2, 8, 0, 0]
[2, 8, 0, 0]
[2, 9, 0, 1]
[3, 11, 1, 2]
[5, 14, 2, 3]
[4, 26, 0, 0]
[4, 25, 0, -1]
[3, 23, -1, -2]
[3, 20, 0, -3]
[3, 16, 0, -4]
[3, 13, 0, -3]
[3, 9, 0, -4]
[4, 6, 1, -3]
[6, 4, 2, -2]
[9, 3, 3, -1]
[13, 3, 4, 0]
[16, 3, 3, 0]
[18, 4, 2, 1]
[20, 5, 2, 1]
[21, 5, 1, 0]
[22, 4, 1, -1]
[22, 2, 0, -2]
[4, 26, 0, 0]
[4, 25, 0, -1]
[3, 23, -1, -2]
[3, 20, 0, -3]
[3, 16, 0, -4]
[3, 13, 0, -3]
[3, 10, 0, -3]
[4, 8, 1, -2]
[6, 6, 2, -2]
[5, 26, 0, 0]
[4, 25, -1, -1]
[3, 24, -1, -1]
[3, 22, 0, -2]
[3, 19, 0, -3]
[3, 15, 0, -4]
[3, 12, 0, -3]
[3, 9, 0, -3]
[4, 6, 1, -3]
[6, 4, 2, -2]
[9, 3, 3, -1]
[12, 2, 3, -1]
[15, 2, 3, 0]
[18, 2, 3, 0]
[21, 3, 3, 1]
[23, 3, 2, 0]
[24, 3, 1, 0]
[25, 2, 1, -1]
[25, 2, 0, 0]
[24, 3, -1, 1]
[22, 5, -2, 2]
[19, 7, -3, 2]
[15, 9, -4, 2]
[10, 10, -5, 1]
[2, 26, 0, 0]
[2, 25, 0, -1]
[3, 23, 1, -2]
[3, 20, 0, -3]
[3, 16, 0, -4]
[3, 11, 0, -5]
[4, 7, 1, -4]
[6, 4, 2, -3]
[8, 2, 2, -2]
[11, 1, 3, -1]
[14, 1, 3, 0]
[16, 2, 2, 1]
[18, 2, 2, 0]
[19, 3, 1, 1]
[19, 4, 0, 1]
[18, 6, -1, 2]
[16, 8, -2, 2]
[14, 9, -2, 1]
[12, 10, -2, 1]
[1, 26, 0, 0]
[1, 25, 0, -1]
[2, 23, 1, -2]
[2, 20, 0, -3]
[2, 16, 0, -4]
[2, 12, 0, -4]
[3, 9, 1, -3]
[4, 6, 1, -3]
[5, 4, 1, -2]
[7, 3, 2, -1]
[9, 2, 2, -1]
[12, 2, 3, 0]
[15, 2, 3, 0]
[17, 3, 2, 1]
[18, 3, 1, 0]
[19, 3, 1, 0]
[19, 4, 0, 1]
[19, 5, 0, 1]
[18, 6, -1, 1]
[16, 8, -2, 2]
[14, 9, -2, 1]
[13, 9, -1, 0]
[12, 9, -1, 0]
[12, 9, 0, 0]
[12, 9, 0, 0]
[13, 10, 1, 1]
[15, 12, 2, 2]
[18, 14, 3, 2]
[21, 16, 3, 2]
[23, 17, 2, 1]
[26, 17, 3, 0]
[2, 26, 0, 0]
[2, 26, 0, 0]
[2, 25, 0, -1]
[3, 23, 1, -2]
[4, 21, 1, -2]
[4, 18, 0, -3]
[3, 15, -1, -3]
[3, 12, 0, -3]
[3, 9, 0, -3]
[4, 6, 1, -3]
[6, 4, 2, -2]
[9, 3, 3, -1]
[13, 3, 4, 0]
[16, 3, 3, 0]
[19, 3, 3, 0]
[22, 3, 3, 0]
[24, 3, 2, 0]
[25, 3, 1, 0]
[25, 3, 0, 0]
[24, 3, -1, 0]
[22, 2, -2, -1]
[19, 2, -3, 0]
[15, 2, -4, 0]
[10, 2, -5, 0]
[5, 3, -5, 1]
[1, 26, 0, 0]
[1, 25, 0, -1]
[2, 23, 1, -2]
[2, 20, 0, -3]
[2, 16, 0, -4]
[3, 12, 1, -4]
[3, 9, 0, -3]
[3, 6, 0, -3]
[3, 4, 0, -2]
[5, 26, 0, 0]
[1, 26, 0, 0]
[1, 25, 0, -1]
[1, 24, 0, -1]
[2, 22, 1, -2]
[2, 19, 0, -3]
[3, 15, 1, -4]
[3, 12, 0, -3]
[3, 9, 0, -3]
[4, 6, 1, -3]
[6, 4, 2, -2]
[9, 3, 3, -1]
[12, 1, 3, -2]
[1, 26, 0, 0]
[1, 25, 0, -1]
[3, 26, 0, 0]
[4, 25, 1, -1]
[4, 23, 0, -2]
[4, 21, 0, -2]
[4, 18, 0, -3]
[3, 15, -1, -3]
[3, 12, 0, -3]
[3, 9, 0, -3]
[4, 6, 1, -3]
[5, 3, 1, -3]
[3, 26, 0, 0]
[4, 25, 1, -1]
[4, 23, 0, -2]
[4, 22, 0, -1]
[3, 20, -1, -2]
[2, 18, -1, -2]
[2, 17, 0, -1]
[3, 16, 1, -1]
[4, 14, 1, -2]
[5, 12, 1, -2]
[6, 11, 1, -1]
[6, 11, 0, 0]
[2, 26, 0, 0]
[2, 25, 0, -1]
[3, 23, 1, -2]
[3, 20, 0, -3]
[3, 16, 0, -4]
[3, 12, 0, -4]
[3, 9, 0, -3]
[4, 6, 1, -3]
[6, 4, 2, -2]
[9, 3, 3, -1]
[13, 3, 4, 0]
[16, 3, 3, 0]
[18, 4, 2, 1]
[19, 5, 1, 1]
[19, 6, 0, 1]
[19, 7, 0, 1]
[19, 7, 0, 0]
[19, 7, 0, 0]
[19, 6, 0, -1]
[18, 4, -1, -2]
[17, 2, -1, -2]
[2, 26, 0, 0]
[2, 25, 0, -1]
[3, 23, 1, -2]
[3, 20, 0, -3]
[3, 17, 0, -3]
[4, 14, 1, -3]
[5, 11, 1, -3]
[6, 8, 1, -3]
[6, 5, 0, -3]
[7, 3, 1, -2]
[9, 2, 2, -1]
[12, 2, 3, 0]
[15, 2, 3, 0]
[17, 3, 2, 1]
[18, 3, 1, 0]
[19, 3, 1, 0]
[19, 4, 0, 1]
[19, 5, 0, 1]
[18, 6, -1, 1]
[16, 8, -2, 2]
[14, 9, -2, 1]
[13, 9, -1, 0]
[13, 10, 0, 1]
[14, 11, 1, 1]
[15, 12, 1, 1]
[17, 13, 2, 1]
[18, 13, 1, 0]
[18, 14, 0, 1]
[2, 26, 0, 0]
[2, 26, 0, 0]
[2, 26, 0, 0]
[2, 26, 0, 0]
[2, 25, 0, -1]
[2, 24, 0, -1]
[3, 22, 1, -2]
[3, 20, 0, -2]
[3, 17, 0, -3]
[4, 14, 1, -3]
[4, 10, 0, -4]
[5, 7, 1, -3]
[7, 4, 2, -3]
[9, 2, 2, -2]
[12, 1, 3, -1]
[15, 1, 3, 0]
[17, 1, 2, 0]
[18, 1, 1, 0]
[19, 1, 1, 0]
[20, 1, 1, 0]
[20, 1, 0, 0]
[19, 2, -1, 1]
[18, 4, -1, 2]
[2, 26, 0, 0]
[2, 25, 0, -1]
[3, 23, 1, -2]
[3, 20, 0, -3]
[3, 17, 0, -3]
[2, 15, -1, -2]
[1, 13, -1, -2]
[4, 26, 0, 0]
[4, 25, 0, -1]
[3, 23, -1, -2]
[1, 22, -2, -1]
[4, 26, 0, 0]
[4, 25, 0, -1]
[3, 23, -1, -2]
[3, 20, 0, -3]
[3, 17, 0, -3]
[4, 14, 1, -3]
[4, 10, 0, -4]
[5, 7, 1, -3]
[7, 4, 2, -3]
[9, 2, 2, -2]
[12, 1, 3, -1]
[15, 1, 3, 0]
[17, 1, 2, 0]
[18, 2, 1, 1]
[18, 4, 0, 2]
[5, 26, 0, 0]
[4, 25, -1, -1]
[4, 23, 0, -2]
[3, 20, -1, -3]
[2, 17, -1, -3]
[1, 14, -1, -3]
[1, 12, 0, -2]
[1, 26, 0, 0]
[1, 25, 0, -1]
[2, 23, 1, -2]
[3, 21, 1, -2]
[3, 18, 0, -3]
[3, 14, 0, -4]
[4, 11, 1, -3]
[5, 8, 1, -3]
[6, 5, 1, -3]
[3, 26, 0, 0]
[4, 25, 1, -1]
[5, 24, 1, -1]
[5, 22, 0, -2]
[4, 19, -1, -3]
[4, 16, 0, -3]
[3, 13, -1, -3]
[3, 9, 0, -4]
[4, 6, 1, -3]
[6, 4, 2, -2]
[9, 3, 3, -1]
[13, 3, 4, 0]
[16, 3, 3, 0]
[18, 4, 2, 1]
[19, 5, 1, 1]
[19, 6, 0, 1]
[18, 6, -1, 0]
[16, 7, -2, 1]
[15, 8, -1, 1]
[14, 8, -1, 0]
[14, 9, 0, 1]
[14, 10, 0, 1]
[15, 11, 1, 1]
[16, 12, 1, 1]
[18, 13, 2, 1]
[21, 15, 3, 2]
[24, 18, 3, 3]
[27, 20, 3, 2]
[2, 26, 0, 0]
[2, 25, 0, -1]
[3, 23, 1, -2]
[3, 20, 0, -3]
[2, 16, -1, -4]
[2, 12, 0, -4]
[3, 8, 1, -4]
[3, 3, 0, -5]
[5, 26, 0, 0]
[4, 25, -1, -1]
[4, 23, 0, -2]
[3, 20, -1, -3]
[3, 16, 0, -4]
[3, 13, 0, -3]
[3, 10, 0, -3]
[4, 8, 1, -2]
[4, 6, 0, -2]
[3, 5, -1, -1]
[2, 5, -1, 0]
[2, 6, 0, 1]
[5, 26, 0, 0]
[5, 26, 0, 0]
[4, 25, -1, -1]
[4, 23, 0, -2]
[3, 20, -1, -3]
[3, 16, 0, -4]
[3, 13, 0, -3]
[3, 9, 0, -4]
[4, 6, 1, -3]
[6, 4, 2, -2]
[8, 2, 2, -2]
[11, 1, 3, -1]
[14, 1, 3, 0]
[16, 2, 2, 1]
[18, 2, 2, 0]
[19, 3, 1, 1]
[19, 4, 0, 1]
[18, 6, -1, 2]
[16, 8, -2, 2]
[14, 9, -2, 1]
[12, 10, -2, 1]
[11, 10, -1, 0]
[11, 10, 0, 0]
[12, 11, 1, 1]
[12, 11, 0, 0]
[13, 10, 1, -1]
[15, 9, 2, -1]
[17, 7, 2, -2]
[20, 4, 3, -3]
[22, 2, 2, -2]
[5, 26, 0, 0]
[5, 25, 0, -1]
[5, 23, 0, -2]
[4, 20, -1, -3]
[2, 17, -2, -3]
[4, 26, 0, 0]
[4, 25, 0, -1]
[3, 23, -1, -2]
[3, 20, 0, -3]
[4, 16, 1, -4]
[4, 11, 0, -5]
[5, 7, 1, -4]
[7, 4, 2, -3]
[9, 2, 2, -2]
[12, 1, 3, -1]
[15, 1, 3, 0]
[17, 1, 2, 0]
[18, 2, 1, 1]
[19, 3, 1, 1]
[19, 4, 0, 1]
[18, 6, -1, 2]
[16, 8, -2, 2]
[14, 9, -2, 1]
[12, 10, -2, 1]
[2, 26, 0, 0]
[2, 25, 0, -1]
[3, 23, 1, -2]
[4, 21, 1, -2]
[4, 18, 0, -3]
[4, 15, 0, -3]
[5, 13, 1, -2]
[5, 12, 0, -1]
[5, 11, 0, -1]
[6, 11, 1, 0]
[5, 26, 0, 0]
[5, 26, 0, 0]
[4, 25, -1, -1]
[3, 24, -1, -1]
[3, 22, 0, -2]
[3, 19, 0, -3]
[3, 15, 0, -4]
[3, 12, 0, -3]
[3, 9, 0, -3]
[4, 6, 1, -3]
[6, 4, 2, -2]
[9, 3, 3, -1]
[13, 3, 4, 0]
[16, 3, 3, 0]
[18, 4, 2, 1]
[19, 5, 1, 1]
[19, 6, 0, 1]
[18, 6, -1, 0]
[17, 6, -1, 0]
[16, 7, -1, 1]
[15, 8, -1, 1]
[14, 8, -1, 0]
[2, 26, 0, 0]
[2, 26, 0, 0]
[2, 25, 0, -1]
[3, 23, 1, -2]
[4, 21, 1, -2]
[4, 18, 0, -3]
[4, 16, 0, -2]
[4, 13, 0, -3]
[3, 11, -1, -2]
[3, 9, 0, -2]
[4, 6, 1, -3]
[5, 3, 1, -3]
[4, 26, 0, 0]
[4, 25, 0, -1]
[3, 23, -1, -2]
[3, 20, 0, -3]
[3, 16, 0, -4]
[3, 13, 0, -3]
[3, 9, 0, -4]
[3, 5, 0, -4]
[4, 26, 0, 0]
[4, 25, 0, -1]
[3, 23, -1, -2]
[3, 20, 0, -3]
[3, 17, 0, -3]
[4, 14, 1, -3]
[4, 10, 0, -4]
[4, 6, 0, -4]
[5, 26, 0, 0]
[4, 25, -1, -1]
[4, 23, 0, -2]
[4, 21, 0, -2]
[4, 18, 0, -3]
[3, 15, -1, -3]
[3, 12, 0, -3]
[3, 9, 0, -3]
[4, 6, 1, -3]
[6, 4, 2, -2]
[9, 3, 3, -1]
[13, 3, 4, 0]
[17, 3, 4, 0]
[20, 3, 3, 0]
[23, 3, 3, 0]
[25, 3, 2, 0]
[26, 3, 1, 0]
[2, 26, 0, 0]
[2, 25, 0, -1]
[2, 24, 0, -1]
[3, 22, 1, -2]
[3, 19, 0, -3]
[3, 16, 0, -3]
[3, 13, 0, -3]
[3, 9, 0, -4]
[4, 6, 1, -3]
[6, 4, 2, -2]
[7, 2, 1, -2]
[2, 26, 0, 0]
[2, 26, 0, 0]
[2, 26, 0, 0]
[2, 25, 0, -1]
[3, 23, 1, -2]
[3, 20, 0, -3]
[3, 17, 0, -3]
[4, 14, 1, -3]
[4, 10, 0, -4]
[5, 7, 1, -3]
[7, 4, 2, -3]
[9, 1, 2, -3]
[1, 26, 0, 0]
[1, 25, 0, -1]
[2, 23, 1, -2]
[2, 20, 0, -3]
[2, 16, 0, -4]
[1, 12, -1, -4]
[5, 26, 0, 0]
[5, 26, 0, 0]
[4, 25, -1, -1]
[4, 23, 0, -2]
[3, 20, -1, -3]
[2, 17, -1, -3]
[1, 15, -1, -2]
[1, 13, 0, -2]
[2, 10, 1, -3]
[4, 6, 2, -4]
[7, 2, 3, -4]
[4, 26, 0, 0]
[4, 26, 0, 0]
[4, 25, 0, -1]
[3, 23, -1, -2]
[3, 20, 0, -3]
[3, 17, 0, -3]
[3, 14, 0, -3]
[3, 11, 0, -3]
[4, 9, 1, -2]
[4, 8, 0, -1]
[4, 8, 0, 0]
[4, 8, 0, 0]
[3, 9, -1, 1]
[2, 11, -1, 2]
[1, 13, -1, 2]
[4, 26, 0, 0]
[4, 26, 0, 0]
[4, 26, 0, 0]
[4, 25, 0, -1]
[3, 23, -1, -2]
[3, 20, 0, -3]
[3, 16, 0, -4]
[3, 13, 0, -3]
[2, 10, -1, -3]
[2, 8, 0, -2]
[2, 6, 0, -2]
[2, 4, 0, -2]
[3, 3, 1, -1]
[5, 3, 2, 0]
[7, 4, 2, 1]
[4, 26, 0, 0]
[4, 25, 0, -1]
[3, 23, -1, -2]
[3, 22, 0, -1]
[3, 20, 0, -2]
[2, 17, -1, -3]
[1, 14, -1, -3]
[1, 12, 0, -2]
[3, 26, 0, 0]
[4, 25, 1, -1]
[4, 23, 0, -2]
[3, 20, -1, -3]
[3, 16, 0, -4]
[3, 13, 0, -3]
[3, 9, 0, -4]
[4, 6, 1, -3]
[6, 4, 2, -2]
[9, 3, 3, -1]
[13, 3, 4, 0]
[16, 3, 3, 0]
[18, 4, 2, 1]
[19, 5, 1, 1]
[19, 6, 0, 1]
[18, 8, -1, 2]
[16, 9, -2, 1]
[15, 9, -1, 0]
[14, 9, -1, 0]
[14, 10, 0, 1]
[15, 11, 1, 1]
[17, 13, 2, 2]
[20, 15, 3, 2]
[23, 17, 3, 2]
[25, 20, 2, 3]
[27, 24, 2, 4]
[28, 26, 0, 0]
finish
Moves: 815


Average of 10 trials
	average moves:  1702