SARSA L-track Harsh Crash

[1, 6, 0, 0]
[2, 7, 1, 1]
[4, 8, 2, 1]
[6, 8, 2, 0]
[8, 8, 2, 0]
[10, 8, 2, 0]
[12, 9, 2, 1]
[14, 9, 2, 0]
[15, 8, 1, -1]
[17, 6, 2, -2]
[1, 7, 0, 0]
[2, 7, 1, 0]
[3, 7, 1, 0]
[5, 7, 2, 0]
[8, 7, 3, 0]
[11, 7, 3, 0]
[14, 7, 3, 0]
[17, 7, 3, 0]
[19, 6, 2, -1]
[21, 6, 2, 0]
[22, 7, 1, 1]
[23, 8, 1, 1]
[24, 9, 1, 1]
[1, 9, 0, 0]
[1, 9, 0, 0]
[1, 6, 0, 0]
[2, 7, 1, 1]
[4, 8, 2, 1]
[6, 9, 2, 1]
[9, 9, 3, 0]
[12, 8, 3, -1]
[15, 7, 3, -1]
[1, 8, 0, 0]
[2, 9, 1, 1]
[4, 9, 2, 0]
[6, 9, 2, 0]
[8, 9, 2, 0]
[9, 8, 1, -1]
[11, 6, 2, -2]
[1, 7, 0, 0]
[2, 7, 1, 0]
[4, 7, 2, 0]
[7, 7, 3, 0]
[11, 7, 4, 0]
[15, 7, 4, 0]
[18, 7, 3, 0]
[20, 8, 2, 1]
[1, 6, 0, 0]
[1, 6, 0, 0]
[2, 7, 1, 1]
[4, 8, 2, 1]
[1, 7, 0, 0]
[2, 7, 1, 0]
[4, 7, 2, 0]
[7, 7, 3, 0]
[11, 7, 4, 0]
[16, 8, 5, 1]
[20, 8, 4, 0]
[23, 7, 3, -1]
[26, 6, 3, -1]
[1, 7, 0, 0]
[2, 7, 1, 0]
[4, 7, 2, 0]
[7, 7, 3, 0]
[11, 7, 4, 0]
[16, 8, 5, 1]
[21, 9, 5, 1]
[1, 6, 0, 0]
[1, 6, 0, 0]
[2, 7, 1, 1]
[4, 8, 2, 1]
[6, 8, 2, 0]
[9, 7, 3, -1]
[11, 7, 2, 0]
[12, 6, 1, -1]
[12, 6, 0, 0]
[11, 7, -1, 1]
[11, 9, 0, 2]
[1, 7, 0, 0]
[2, 7, 1, 0]
[4, 7, 2, 0]
[7, 7, 3, 0]
[11, 7, 4, 0]
[16, 8, 5, 1]
[20, 8, 4, 0]
[24, 8, 4, 0]
[27, 8, 3, 0]
[30, 7, 3, -1]
[32, 6, 2, -1]
[34, 5, 2, -1]
[35, 3, 1, -2]
[1, 6, 0, 0]
[2, 7, 1, 1]
[4, 8, 2, 1]
[6, 8, 2, 0]
[9, 8, 3, 0]
[13, 7, 4, -1]
[16, 7, 3, 0]
[19, 6, 3, -1]
[22, 6, 3, 0]
[24, 7, 2, 1]
[27, 7, 3, 0]
[29, 8, 2, 1]
[31, 9, 2, 1]
[1, 6, 0, 0]
[2, 7, 1, 1]
[4, 8, 2, 1]
[6, 8, 2, 0]
[7, 9, 1, 1]
[7, 9, 0, 0]
[6, 9, -1, 0]
[5, 9, -1, 0]
[3, 8, -2, -1]
[1, 7, -2, -1]
[1, 6, 0, 0]
[2, 7, 1, 1]
[4, 8, 2, 1]
[6, 8, 2, 0]
[9, 8, 3, 0]
[13, 7, 4, -1]
[16, 7, 3, 0]
[19, 6, 3, -1]
[22, 6, 3, 0]
[24, 7, 2, 1]
[26, 8, 2, 1]
[28, 8, 2, 0]
[30, 8, 2, 0]
[32, 8, 2, 0]
[33, 7, 1, -1]
[34, 6, 1, -1]
[35, 5, 1, -1]
[1, 9, 0, 0]
[2, 9, 1, 0]
[4, 9, 2, 0]
[6, 9, 2, 0]
[9, 9, 3, 0]
[12, 8, 3, -1]
[16, 7, 4, -1]
[1, 7, 0, 0]
[1, 7, 0, 0]
[1, 7, 0, 0]
[2, 7, 1, 0]
[4, 7, 2, 0]
[7, 7, 3, 0]
[11, 7, 4, 0]
[16, 8, 5, 1]
[20, 8, 4, 0]
[23, 7, 3, -1]
[26, 7, 3, 0]
[28, 6, 2, -1]
[29, 6, 1, 0]
[31, 7, 2, 1]
[32, 8, 1, 1]
[33, 9, 1, 1]
[1, 8, 0, 0]
[2, 9, 1, 1]
[4, 9, 2, 0]
[6, 9, 2, 0]
[9, 8, 3, -1]
[12, 7, 3, -1]
[14, 7, 2, 0]
[15, 7, 1, 0]
[15, 8, 0, 1]
[14, 8, -1, 0]
[13, 9, -1, 1]
[1, 6, 0, 0]
[1, 6, 0, 0]
[2, 7, 1, 1]
[2, 8, 0, 1]
[1, 8, -1, 0]
[1, 7, 0, 0]
[2, 7, 1, 0]
[4, 7, 2, 0]
[6, 7, 2, 0]
[8, 8, 2, 1]
[11, 8, 3, 0]
[14, 8, 3, 0]
[18, 7, 4, -1]
[1, 8, 0, 0]
[2, 9, 1, 1]
[1, 6, 0, 0]
[2, 7, 1, 1]
[4, 8, 2, 1]
[6, 8, 2, 0]
[9, 8, 3, 0]
[13, 7, 4, -1]
[17, 6, 4, -1]
[1, 6, 0, 0]
[2, 7, 1, 1]
[4, 8, 2, 1]
[6, 8, 2, 0]
[8, 8, 2, 0]
[10, 8, 2, 0]
[12, 8, 2, 0]
[13, 7, 1, -1]
[13, 6, 0, -1]
[14, 6, 1, 0]
[15, 6, 1, 0]
[15, 6, 0, 0]
[14, 7, -1, 1]
[13, 9, -1, 2]
[1, 8, 0, 0]
[2, 9, 1, 1]
[1, 6, 0, 0]
[2, 7, 1, 1]
[4, 8, 2, 1]
[6, 9, 2, 1]
[9, 9, 3, 0]
[12, 8, 3, -1]
[16, 7, 4, -1]
[1, 6, 0, 0]
[2, 7, 1, 1]
[4, 8, 2, 1]
[6, 8, 2, 0]
[9, 8, 3, 0]
[13, 7, 4, -1]
[17, 6, 4, -1]
[1, 6, 0, 0]
[2, 7, 1, 1]
[3, 8, 1, 1]
[5, 8, 2, 0]
[8, 8, 3, 0]
[12, 7, 4, -1]
[17, 6, 5, -1]
[22, 6, 5, 0]
[27, 6, 5, 0]
[32, 6, 5, 0]
[1, 8, 0, 0]
[2, 9, 1, 1]
[4, 9, 2, 0]
[6, 9, 2, 0]
[8, 9, 2, 0]
[9, 8, 1, -1]
[11, 6, 2, -2]
[1, 7, 0, 0]
[2, 7, 1, 0]
[4, 7, 2, 0]
[7, 7, 3, 0]
[11, 7, 4, 0]
[16, 8, 5, 1]
[20, 9, 4, 1]
[23, 9, 3, 0]
[25, 8, 2, -1]
[27, 7, 2, -1]
[29, 6, 2, -1]
[1, 9, 0, 0]
[1, 9, 0, 0]
[2, 9, 1, 0]
[4, 9, 2, 0]
[6, 9, 2, 0]
[9, 8, 3, -1]
[11, 7, 2, -1]
[13, 6, 2, -1]
[1, 8, 0, 0]
[1, 7, 0, -1]
[1, 6, 0, -1]
[2, 6, 1, 0]
[4, 7, 2, 1]
[7, 7, 3, 0]
[11, 7, 4, 0]
[14, 6, 3, -1]
[1, 9, 0, 0]
[2, 9, 1, 0]
[4, 9, 2, 0]
[1, 9, 0, 0]
[1, 9, 0, 0]
[2, 9, 1, 0]
[4, 9, 2, 0]
[6, 9, 2, 0]
[9, 8, 3, -1]
[12, 7, 3, -1]
[15, 6, 3, -1]
[19, 6, 4, 0]
[22, 7, 3, 1]
[26, 7, 4, 0]
[31, 8, 5, 1]
[1, 7, 0, 0]
[2, 7, 1, 0]
[4, 7, 2, 0]
[7, 7, 3, 0]
[11, 7, 4, 0]
[16, 8, 5, 1]
[20, 8, 4, 0]
[23, 7, 3, -1]
[26, 6, 3, -1]
[1, 7, 0, 0]
[2, 7, 1, 0]
[4, 7, 2, 0]
[7, 7, 3, 0]
[11, 7, 4, 0]
[16, 8, 5, 1]
[20, 8, 4, 0]
[23, 7, 3, -1]
[25, 6, 2, -1]
[1, 8, 0, 0]
[1, 9, 0, 0]
[1, 9, 0, 0]
[2, 9, 1, 0]
[4, 9, 2, 0]
[6, 9, 2, 0]
[9, 8, 3, -1]
[12, 7, 3, -1]
[14, 7, 2, 0]
[15, 7, 1, 0]
[15, 8, 0, 1]
[14, 8, -1, 0]
[13, 9, -1, 1]
[1, 8, 0, 0]
[2, 9, 1, 1]
[2, 9, 0, 0]
[3, 8, 1, -1]
[5, 6, 2, -2]
[1, 8, 0, 0]
[2, 9, 1, 1]
[4, 9, 2, 0]
[6, 9, 2, 0]
[8, 9, 2, 0]
[9, 8, 1, -1]
[10, 7, 1, -1]
[11, 6, 1, -1]
[1, 7, 0, 0]
[1, 7, 0, 0]
[1, 7, 0, 0]
[2, 7, 1, 0]
[4, 7, 2, 0]
[7, 6, 3, -1]
[11, 6, 4, 0]
[15, 7, 4, 1]
[20, 7, 5, 0]
[25, 7, 5, 0]
[30, 8, 5, 1]
[34, 8, 4, 0]
[1, 8, 0, 0]
[2, 9, 1, 1]
[4, 9, 2, 0]
[6, 9, 2, 0]
[9, 8, 3, -1]
[12, 7, 3, -1]
[14, 7, 2, 0]
[15, 7, 1, 0]
[15, 8, 0, 1]
[14, 8, -1, 0]
[12, 8, -2, 0]
[10, 9, -2, 1]
[1, 7, 0, 0]
[2, 7, 1, 0]
[4, 7, 2, 0]
[7, 7, 3, 0]
[11, 7, 4, 0]
[16, 8, 5, 1]
[21, 9, 5, 1]
[26, 9, 5, 0]
[30, 8, 4, -1]
[34, 6, 4, -2]
[1, 6, 0, 0]
[2, 7, 1, 1]
[2, 7, 0, 0]
[2, 7, 0, 0]
[2, 8, 0, 1]
[1, 8, -1, 0]
[1, 6, 0, 0]
[2, 7, 1, 1]
[4, 8, 2, 1]
[6, 8, 2, 0]
[9, 8, 3, 0]
[13, 7, 4, -1]
[16, 7, 3, 0]
[19, 6, 3, -1]
[1, 6, 0, 0]
[2, 7, 1, 1]
[4, 8, 2, 1]
[6, 8, 2, 0]
[8, 8, 2, 0]
[10, 9, 2, 1]
[11, 9, 1, 0]
[11, 9, 0, 0]
[10, 9, -1, 0]
[1, 8, 0, 0]
[2, 9, 1, 1]
[4, 9, 2, 0]
[6, 9, 2, 0]
[9, 8, 3, -1]
[12, 7, 3, -1]
[14, 7, 2, 0]
[15, 7, 1, 0]
[15, 8, 0, 1]
[15, 9, 0, 1]
[14, 9, -1, 0]
[12, 9, -2, 0]
[10, 9, -2, 0]
[9, 8, -1, -1]
[8, 7, -1, -1]
[7, 6, -1, -1]
[1, 7, 0, 0]
[2, 7, 1, 0]
[4, 7, 2, 0]
[7, 7, 3, 0]
[11, 7, 4, 0]
[16, 8, 5, 1]
[21, 9, 5, 1]
[26, 9, 5, 0]
[31, 9, 5, 0]
[35, 8, 4, -1]
[1, 9, 0, 0]
[2, 9, 1, 0]
[4, 9, 2, 0]
[6, 9, 2, 0]
[9, 8, 3, -1]
[12, 7, 3, -1]
[14, 7, 2, 0]
[15, 7, 1, 0]
[16, 7, 1, 0]
[18, 6, 2, -1]
[1, 7, 0, 0]
[2, 7, 1, 0]
[3, 7, 1, 0]
[5, 7, 2, 0]
[7, 7, 2, 0]
[8, 7, 1, 0]
[9, 8, 1, 1]
[9, 9, 0, 1]
[8, 9, -1, 0]
[7, 9, -1, 0]
[6, 9, -1, 0]
[4, 8, -2, -1]
[2, 7, -2, -1]
[1, 7, -1, 0]
[1, 6, 0, 0]
[2, 7, 1, 1]
[4, 8, 2, 1]
[6, 9, 2, 1]
[9, 9, 3, 0]
[12, 8, 3, -1]
[16, 7, 4, -1]
[1, 7, 0, 0]
[2, 7, 1, 0]
[4, 7, 2, 0]
[7, 7, 3, 0]
[11, 7, 4, 0]
[16, 8, 5, 1]
[20, 8, 4, 0]
[24, 8, 4, 0]
[27, 8, 3, 0]
[30, 7, 3, -1]
[32, 6, 2, -1]
[34, 5, 2, -1]
[1, 7, 0, 0]
[2, 7, 1, 0]
[4, 7, 2, 0]
[7, 7, 3, 0]
[11, 7, 4, 0]
[16, 8, 5, 1]
[21, 8, 5, 0]
[25, 8, 4, 0]
[28, 7, 3, -1]
[30, 7, 2, 0]
[31, 6, 1, -1]
[33, 4, 2, -2]
[34, 1, 0, 0]
finish
Moves: 457

Average of 10 trials
	average moves:  1698