SARSA L-track, Crash type Soft
[1, 6, 0, 0]
[1, 6, 0, 0]
[1, 7, 0, 1]
[2, 7, 1, 0]
[2, 8, 0, 1]
[1, 9, -1, 1]
[1, 9, 0, 0]
[2, 8, 1, -1]
[3, 7, 1, -1]
[4, 7, 1, 0]
[4, 6, 0, -1]
[5, 6, 1, 0]
[5, 6, 0, 0]
[6, 6, 1, 0]
[8, 7, 2, 1]
[10, 7, 2, 0]
[13, 8, 3, 1]
[15, 8, 2, 0]
[16, 8, 1, 0]
[17, 7, 1, -1]
[18, 6, 1, -1]
[18, 6, 0, 0]
[18, 7, 0, 1]
[19, 9, 1, 2]
[19, 9, 0, 0]
[19, 8, 0, -1]
[20, 7, 1, -1]
[21, 6, 1, -1]
[21, 6, 0, 0]
[21, 7, 0, 1]
[22, 9, 1, 2]
[22, 9, 0, 0]
[23, 8, 1, -1]
[24, 8, 1, 0]
[24, 9, 0, 1]
[24, 9, 0, 0]
[25, 9, 1, 0]
[25, 8, 0, -1]
[26, 7, 1, -1]
[28, 6, 2, -1]
[29, 6, 0, 0]
[30, 7, 1, 1]
[31, 7, 1, 0]
[31, 7, 0, 0]
[32, 7, 1, 0]
[32, 6, 0, -1]
[32, 5, 0, -1]
[32, 4, 0, 0]
[32, 3, 0, -1]
[32, 2, 0, -1]
[32, 1, 0, 0]
finish
Moves: 49

Average of 10 trials
	average moves:  238
