SARSA O-track Soft Crash


[4, 10, 0, 0]
[3, 9, -1, -1]
[2, 8, -1, -1]
[1, 7, -1, -1]
[1, 6, 0, 0]
[1, 6, 0, 0]
[2, 5, 1, -1]
[3, 5, 1, 0]
[3, 6, 0, 1]
[4, 7, 1, 1]
[4, 7, 0, 0]
[4, 6, 0, -1]
[4, 6, 0, 0]
[4, 5, 0, -1]
[3, 5, -1, 0]
[2, 4, -1, -1]
[2, 4, 0, 0]
[2, 4, 0, 0]
[2, 5, 0, 1]
[2, 7, 0, 2]
[2, 8, 0, 1]
[1, 10, -1, 2]
[1, 10, 0, 0]
[2, 9, 1, -1]
[2, 7, 0, -2]
[3, 4, 1, -3]
[3, 2, 0, 0]
[4, 2, 1, 0]
[6, 3, 2, 1]
[6, 3, 0, 0]
[6, 3, 0, 0]
[6, 2, 0, -1]
[7, 2, 1, 0]
[7, 2, 0, 0]
[6, 3, -1, 1]
[6, 3, 0, 0]
[6, 2, 0, -1]
[7, 2, 1, 0]
[7, 2, 0, 0]
[6, 3, -1, 1]
[6, 3, 0, 0]
[6, 3, 0, 0]
[6, 2, 0, -1]
[7, 2, 1, 0]
[7, 2, 0, 0]
[6, 3, -1, 1]
[6, 3, 0, 0]
[6, 2, 0, -1]
[6, 1, 0, -1]
[6, 1, 0, 0]
[5, 2, -1, 1]
[3, 4, -2, 2]
[1, 7, -2, 3]
[1, 7, 0, 0]
[2, 7, 1, 0]
[3, 8, 1, 1]
[4, 10, 1, 2]
[4, 10, 0, 0]
[3, 9, -1, -1]
[1, 7, -2, -2]
[1, 7, 0, 0]
[2, 7, 1, 0]
[3, 8, 1, 1]
[4, 9, 1, 1]
[4, 9, 0, 0]
[4, 8, 0, -1]
[4, 6, 0, -2]
[5, 3, 1, -3]
[5, 1, 0, -2]
[5, 1, 0, 0]
[5, 2, 0, 1]
[5, 4, 0, 2]
[5, 4, 0, 0]
[4, 5, -1, 1]
[2, 6, -2, 1]
[1, 7, 0, 0]
[2, 7, 1, 0]
[3, 8, 1, 1]
[4, 10, 1, 2]
[4, 10, 0, 0]
[4, 9, 0, -1]
[4, 8, 0, -1]
[4, 6, 0, -2]
[4, 4, 0, -2]
[4, 3, 0, -1]
[4, 2, 0, -1]
[4, 1, 0, 0]
[4, 2, 0, 1]
[5, 4, 1, 2]
[5, 4, 0, 0]
[4, 5, -1, 1]
[2, 6, -2, 1]
[1, 6, 0, 0]
[2, 5, 1, -1]
[4, 4, 2, -1]
[5, 3, 1, -1]
[5, 1, 0, -2]
[5, 1, 0, 0]
[5, 2, 0, 1]
[5, 4, 0, 2]
[4, 5, -1, 1]
[2, 6, -2, 1]
[1, 7, 0, 0]
[2, 7, 1, 0]
[3, 7, 1, 0]
[4, 6, 1, -1]
[4, 6, 0, 0]
[4, 5, 0, -1]
[3, 5, -1, 0]
[2, 4, -1, -1]
[2, 4, 0, 0]
[2, 4, 0, 0]
[2, 5, 0, 1]
[2, 7, 0, 2]
[3, 10, 1, 3]
[3, 10, 0, 0]
[4, 9, 1, -1]
[4, 7, 0, -2]
[4, 5, 0, -2]
[4, 4, 0, -1]
[4, 3, 0, -1]
[4, 2, 0, -1]
[4, 1, 0, -1]
[5, 1, 1, 0]
[6, 1, 1, 0]
[8, 1, 2, 0]
[8, 1, 0, 0]
[7, 1, -1, 0]
[5, 2, -2, 1]
[3, 3, -2, 1]
[1, 5, -2, 2]
[1, 5, 0, 0]
[2, 4, 1, -1]
[4, 2, 2, -2]
[5, 1, 0, 0]
[5, 1, 0, 0]
[5, 2, 0, 1]
[5, 3, 0, 1]
[4, 5, -1, 2]
[3, 8, -1, 3]
[3, 10, 0, 0]
[4, 9, 1, -1]
[4, 7, 0, -2]
[3, 4, -1, -3]
[3, 4, 0, 0]
[4, 4, 1, 0]
[4, 3, 0, -1]
[4, 2, 0, -1]
[4, 1, 0, 0]
[4, 2, 0, 1]
[5, 4, 1, 2]
[5, 4, 0, 0]
[5, 4, 0, 0]
[5, 4, 0, 0]
[5, 4, 0, 0]
[4, 5, -1, 1]
[3, 6, -1, 1]
[2, 7, -1, 1]
[2, 8, 0, 1]
[1, 10, -1, 2]
[1, 10, 0, 0]
[2, 9, 1, -1]
[3, 8, 1, -1]
[4, 6, 1, -2]
[4, 3, 0, -3]
[4, 2, 0, 0]
[3, 3, -1, 1]
[2, 4, -1, 1]
[2, 4, 0, 0]
[2, 5, 0, 1]
[2, 6, 0, 1]
[2, 7, 0, 1]
[2, 9, 0, 2]
[2, 10, 0, 0]
[2, 10, 0, 0]
[2, 9, 0, -1]
[3, 7, 1, -2]
[3, 4, 0, -3]
[3, 3, 0, 0]
[4, 3, 1, 0]
[6, 2, 2, -1]
[9, 2, 3, 0]
[12, 2, 3, 0]
[15, 2, 3, 0]
[19, 1, 4, -1]
[20, 1, 0, 0]
[21, 2, 1, 1]
[21, 2, 0, 0]
[20, 1, -1, -1]
[20, 1, 0, 0]
[21, 2, 1, 1]
[21, 2, 0, 0]
[21, 2, 0, 0]
[20, 1, -1, -1]
[20, 1, 0, 0]
[21, 2, 1, 1]
[21, 2, 0, 0]
[20, 1, -1, -1]
[20, 1, 0, 0]
[21, 2, 1, 1]
[21, 4, 0, 2]
[21, 7, 0, 3]
[20, 9, -1, 2]
[20, 12, 0, 3]
[20, 15, 0, 3]
[21, 19, 1, 4]
[21, 21, 0, 0]
[21, 21, 0, 0]
[22, 20, 1, -1]
[22, 18, 0, -2]
[21, 17, -1, -1]
[20, 16, -1, -1]
[20, 16, 0, 0]
[20, 16, 0, 0]
[20, 16, 0, 0]
[21, 16, 1, 0]
[21, 17, 0, 1]
[21, 17, 0, 0]
[20, 17, -1, 0]
[20, 17, 0, 0]
[20, 17, 0, 0]
[20, 16, 0, -1]
[20, 14, 0, -2]
[20, 11, 0, -3]
[20, 10, 0, 0]
[21, 9, 1, -1]
[23, 9, 2, 0]
[23, 9, 0, 0]
[23, 8, 0, -1]
[23, 6, 0, -2]
[23, 5, 0, 0]
[22, 5, -1, 0]
[20, 4, -2, -1]
[18, 3, -2, -1]
[17, 1, -1, -2]
[17, 1, 0, 0]
[18, 2, 1, 1]
[18, 3, 0, 0]
[17, 2, -1, -1]
[15, 1, -2, -1]
[14, 1, 0, 0]
[15, 1, 1, 0]
[17, 1, 2, 0]
[18, 2, 1, 1]
[18, 2, 0, 0]
[19, 3, 1, 1]
[21, 5, 2, 2]
[23, 7, 2, 2]
[23, 8, 0, 0]
[23, 8, 0, 0]
[22, 9, -1, 1]
[21, 10, -1, 1]
[21, 12, 0, 2]
[22, 15, 1, 3]
[22, 19, 0, 4]
[22, 20, 0, 0]
[21, 19, -1, -1]
[20, 19, 0, 0]
[20, 19, 0, 0]
[21, 19, 1, 0]
[21, 19, 0, 0]
[21, 19, 0, 0]
[21, 20, 0, 1]
[21, 21, 0, 1]
[20, 21, -1, 0]
[19, 22, -1, 1]
[19, 22, 0, 0]
[19, 23, 0, 1]
[19, 23, 0, 0]
[20, 22, 1, -1]
[21, 21, 1, -1]
[22, 20, 1, -1]
[22, 18, 0, -2]
[21, 17, -1, -1]
[20, 16, 0, 0]
[21, 15, 1, -1]
[21, 15, 0, 0]
[20, 16, -1, 1]
[20, 18, 0, 2]
[19, 20, -1, 2]
[18, 22, -1, 2]
[18, 23, 0, 0]
[17, 23, -1, 0]
[16, 23, -1, 0]
[15, 23, -1, 0]
[14, 23, -1, 0]
[13, 23, -1, 0]
[11, 22, -2, -1]
[10, 22, -1, 0]
[8, 22, -2, 0]
[6, 22, -2, 0]
[4, 22, -2, 0]
[3, 22, 0, 0]
[4, 21, 1, -1]
[5, 20, 1, -1]
[5, 20, 0, 0]
[4, 19, -1, -1]
[3, 18, -1, -1]
[2, 18, -1, 0]
[1, 18, 0, 0]
[2, 17, 1, -1]
[4, 17, 2, 0]
[4, 17, 0, 0]
[3, 17, -1, 0]
[1, 17, -2, 0]
[1, 17, 0, 0]
[1, 18, 0, 1]
[2, 19, 1, 1]
[3, 20, 1, 1]
[5, 22, 2, 2]
[6, 23, 0, 0]
[6, 23, 0, 0]
[5, 22, -1, -1]
[4, 20, -1, -2]
[3, 18, -1, -2]
[1, 15, -2, -3]
[1, 15, 0, 0]
[1, 14, 0, -1]
[2, 12, 0, 0]
finish
Moves: 317

Average of 10 trials
	average moves:  769
