Value Iteration O-track Harsh Crash

(1, 10, 0, 0)
[1, 9, 0, -1]
[2, 7, 1, -2]
[3, 5, 1, -2]
[4, 3, 1, -2]
[6, 2, 2, -1]
[9, 2, 3, 0]
[12, 2, 3, 0]
[14, 2, 2, 0]
[16, 2, 2, 0]
[18, 3, 2, 1]
[20, 5, 2, 2]
[21, 8, 1, 3]
[21, 11, 0, 3]
[21, 14, 0, 3]
[21, 17, 0, 3]
[20, 19, -1, 2]
[20, 20, 0, 1]
[19, 21, -1, 1]
[17, 22, -2, 1]
[14, 22, -3, 0]
[11, 22, -3, 0]
[8, 22, -3, 0]
[6, 21, -2, -1]
[4, 20, -2, -1]
[3, 18, -1, -2]
[2, 15, -1, -3]
26

Average 10 trials
	average moves: 28