Value Iteration R-track Crash type - Soft

  [1, 26, 0, 0],
  [1, 25, 0, -1],
  [2, 23, 1, -2],
  [2, 20, 0, -3],
  [3, 16, 1, -4],
  [4, 11, 1, -5],
  [5, 6, 1, -5],
  [6, 2, 0, 0],
  [7, 2, 1, 0],
  [9, 2, 2, 0],
  [12, 2, 3, 0],
  [16, 3, 4, 1],
  [20, 5, 4, 2],
  [21, 5, 0, 0],
  [20, 6, -1, 1],
  [18, 7, -2, 1],
  [15, 9, -3, 2],
  [13, 11, 0, 0],
  [14, 11, 1, 0],
  [16, 12, 2, 1],
  [19, 14, 3, 2],
  [22, 16, 3, 2],
  [24, 19, 2, 3],
  [25, 23, 1, 4],
  [25, 26, 0, 0]
Time steps 24

Average 10 trials
	average moves: 25